<?xml version="1.0" encoding="utf-8"?>
<IconCollection>
  <Collection Name="Программы">
    <Icon Id="0" Name="DriversIcon" Scale="64" Background="#000000" Foreground="#FFFFFF">
      <Path>M175.496,190.745C148.55,208.477 112.332,201.009 94.599,174.064 76.866,147.119 84.334,110.9 111.28,93.167 138.225,75.434 174.444,82.903 192.176,109.848 209.909,136.793 202.441,173.012 175.496,190.745z M238.521,97.536C236.581,93.544 234.343,89.538 231.827,85.529 231.839,85.52 231.852,85.512 231.865,85.503 231.591,85.086 231.308,84.689 231.031,84.277 230.763,83.86 230.51,83.443 230.235,83.026 230.222,83.035 230.209,83.043 230.197,83.052 227.51,79.155 224.716,75.515 221.817,72.153 227.154,59.187 230.915,45.083 232.968,30.31 223.241,22.03 212.95,15.519 202.325,10.626 190.99,19.38 181.192,29.449 173.044,40.375 164.987,38.136 156.783,37.023 148.602,36.926 144.525,24.214 138.814,11.804 131.528,0 120.201,1.401 109.042,4.172 98.303,8.15 96.833,22.044 96.934,35.716 98.534,48.903 90.775,52.822 83.443,57.615 76.739,63.15 64.937,56.696 51.992,51.575 38.169,47.992 30.546,56.094 23.818,65.004 18.216,74.572 26.175,85.932 35.314,96.086 45.376,104.859 42.322,112.19 40.138,119.918 38.978,127.942 25.624,131.491 12.442,137.091 0,144.829 0.397,156.888 2.516,169.294 6.61,181.883 20.824,184.945 35.009,186.346 48.768,186.038 50.605,190.08 52.746,194.149 55.175,198.234 55.142,198.256 55.109,198.278 55.077,198.299 55.361,198.71 55.654,199.1 55.941,199.505 56.199,199.929 56.442,200.352 56.707,200.776 56.739,200.754 56.772,200.733 56.805,200.711 59.596,204.558 62.487,208.135 65.472,211.42 59.747,223.935 55.422,237.518 52.611,251.783 62.554,260.523 73.11,267.377 84.028,272.511 96.057,264.145 106.415,254.254 114.957,243.393 122.785,245.502 130.747,246.553 138.688,246.648 142.765,259.359 148.475,271.77 155.761,283.574 166.765,282.213 177.609,279.559 188.065,275.762 190.243,261.65 190.66,247.734 189.401,234.342 197.136,230.374 204.439,225.536 211.108,219.961 222.586,226.646 235.103,232.147 248.445,236.294 256.347,228.004 263.307,218.851 269.074,209.002 261.115,197.641 251.975,187.487 241.914,178.714 245.06,171.162 247.283,163.187 248.414,154.901 261.672,151.74 274.796,146.724 287.319,139.777 287.029,128.082 285.12,116.055 281.362,103.846 266.983,99.888 252.541,97.763 238.521,97.536z</Path>
      <Path>M289.655,335.667C273.342,327.764 266.526,308.133 274.429,291.82 282.333,275.508 301.964,268.691 318.277,276.595 334.589,284.498 341.406,304.129 333.502,320.442 325.599,336.754 305.967,343.571 289.655,335.667z M386.276,323.553C379.042,319.632 371.562,316.378 363.943,313.802 364.588,305.527 363.405,297.226 360.735,289.399 367.437,285.188 373.803,280.283 379.738,274.729 375.154,264.479 368.696,255.025 360.815,247.026 353.589,250.642 346.792,254.855 340.49,259.601 334.456,254.453 327.516,250.412 319.972,247.917 320.095,239.751 319.362,231.443 317.729,223.152 306.46,220.894 294.417,221.135 282.071,224.559 280.639,232.994 280.062,241.403 280.36,249.616 277.394,250.835 274.414,252.322 271.432,254.081 271.406,254.044 271.38,254.006 271.354,253.968 270.796,254.352 270.248,254.739 269.708,255.129 268.764,255.72 267.82,256.333 266.877,256.981 266.922,257.047 266.967,257.113 267.012,257.179 264.3,259.33 261.842,261.578 259.639,263.908 252.081,260.68 244.025,258.199 235.639,256.507 228.01,266.801 223.461,277.954 221.522,289.282 228.673,293.783 236.164,297.451 243.829,300.268 243.449,308.205 244.729,316.133 247.367,323.613 240.675,327.791 234.302,332.622 228.333,338.067 232.969,348.295 239.473,357.717 247.394,365.676 254.709,362.131 261.572,357.951 267.909,353.207 274.255,358.51 281.577,362.595 289.533,364.964 289.2,373 289.552,381.149 290.614,389.309 301.904,391.498 313.961,391.18 326.316,387.669 327.704,379.224 328.236,370.81 327.892,362.599 330.735,361.41 333.59,359.975 336.448,358.29 336.474,358.327 336.499,358.364 336.525,358.402 337.079,358.021 337.623,357.637 338.159,357.249 339.107,356.656 340.055,356.04 341.003,355.389 340.958,355.323 340.912,355.258 340.867,355.192 343.467,353.131 345.831,350.981 347.962,348.754 355.502,352.024 363.545,354.549 371.925,356.285 379.638,346.015 384.265,334.877 386.276,323.553z</Path>
    </Icon>
    <Icon Id="1" Name="AddNewIcon" Scale="64" Background="#000000" Foreground="#FFFFFF">
      <Path>M93.334,106.981C100.483,107.031,106.333,101.222,106.333,94.072L106.333,13C106.333,5.85,112.183,0,119.333,0L199.667,0C206.817,0,212.667,5.85,212.667,13L212.667,94.072C212.667,101.222,218.517,107.072,225.667,107.072L306,107.072C313.15,107.072,319,112.922,319,120.072L319,199.667C319,206.817,313.15,212.667,306,212.667L225.667,212.667C218.517,212.667,212.667,218.517,212.667,225.667L212.667,304.523C212.667,311.673,206.817,317.523,199.667,317.523L119.333,317.523C112.183,317.523,106.333,311.673,106.333,304.523L106.333,224.928C106.333,217.778,100.483,211.969,93.334,212.019L13,212.576C5.85,212.626,0,206.817,0,199.667L0,119.333C0,112.183,5.85,106.374,13,106.424L93.334,106.981z</Path>
    </Icon>
    <Icon Id="2" Name="ModsIcon" Scale="64" Background="#000000" Foreground="#FFFFFF">
      <Path>M108.417,264.095L182.065,219.1 182.481,219.37 182.481,295.857 108.417,344.809 108.417,264.095z M200.775,192.853L200.775,113.685 274.382,72.771 274.382,147.845 200.775,192.853z M285.075,256.201L209.75,207.358 284.133,161.78 359.332,206.226 285.075,256.201z M192.795,18.028L267.816,58.115 193.013,99.694 118.207,55.679 192.795,18.028z M100.091,159.396L171.466,205.755 100.766,248.763 29.943,198.274 100.091,159.396z M366.312,297.296L291.083,352.188 291.083,272.963 366.312,222.175 366.312,297.296z M382.312,210.047L389.292,205.349 382.312,201.223 382.312,192.068 375.082,196.95 290.382,146.887 290.382,63.877 301.248,57.838 290.382,52.032 290.382,42.561 281.728,47.408 193.004,0 100.255,46.817 92.417,42.175 92.417,50.774 84.83,54.604 92.417,59.068 92.417,145.356 14.725,188.416 5.812,182.035 5.812,193.356 0,196.577 5.812,200.721 5.812,295.789 92.417,362.83 92.417,374.563 100.593,369.159 108.417,375.215 108.417,363.988 187.958,311.415 275.083,372.755 275.083,383.668 282.694,378.114 288.017,381.862 288.017,374.231 382.312,305.429 382.312,210.047z</Path>
    </Icon>
    <Icon Id="3" Name="GamesIcon" Scale="64" Background="#000000" Foreground="#FFFFFF">
      <Path>M325.851,201.568C307.35,201.568 292.351,186.569 292.351,168.068 292.351,149.566 307.35,134.568 325.851,134.568 344.353,134.568 359.351,149.566 359.351,168.068 359.351,186.569 344.353,201.568 325.851,201.568z M387.851,139.568C369.35,139.568 354.351,124.569 354.351,106.068 354.351,87.566 369.35,72.568 387.851,72.568 406.353,72.568 421.351,87.566 421.351,106.068 421.351,124.569 406.353,139.568 387.851,139.568z M197,160.588C197,167.188,191.6,172.588,185,172.588L154.351,172.588 154.351,207.088C154.351,213.688,148.951,219.088,142.351,219.088L124.649,219.088C118.049,219.088,112.649,213.688,112.649,207.088L112.649,172.588 82,172.588C75.4,172.588,70,167.188,70,160.588L70,143.588C70,136.988,75.4,131.588,82,131.588L112.649,131.588 112.649,97.088C112.649,90.488,118.049,85.088,124.649,85.088L142.351,85.088C148.951,85.088,154.351,90.488,154.351,97.088L154.351,131.588 185,131.588C191.6,131.588,197,136.988,197,143.588L197,160.588z M498.917,189.889C470.917,43.889 415.917,12.889 415.917,12.889 415.917,12.889 373.917,-16.111 321.917,12.889 315.556,16.436 309.887,19.525 304.794,22.219 293.538,21.561 281.969,35.667 255.272,38.773 254.197,38.898 253.156,39.012 252.134,39.107 251.112,39.012 250.071,38.898 248.995,38.773 222.299,35.667 210.73,21.561 199.474,22.219 194.38,19.525 188.712,16.436 182.351,12.889 130.351,-16.111 88.351,12.889 88.351,12.889 88.351,12.889 33.351,43.889 5.351,189.889 -22.649,335.889 68.351,352.889 68.351,352.889 85.46,359.517 125.351,338.889 136.351,328.889 147.351,318.889 166.545,299.774 182.684,281.222 189.951,272.87 203.705,260.818 214.015,262.219 218.115,263.795 223.113,265.07 228.633,266.012 235.65,267.282 243.42,267.901 251.204,267.928 251.514,267.931 251.824,267.928 252.134,267.929 252.444,267.928 252.754,267.931 253.064,267.928 260.848,267.901 268.618,267.282 275.635,266.012 281.154,265.07 286.153,263.795 290.253,262.219 300.563,260.818 314.317,272.87 321.583,281.222 337.723,299.774 356.917,318.889 367.917,328.889 378.917,338.889 418.808,359.517 435.917,352.889 435.917,352.889 526.917,335.889 498.917,189.889z</Path>
    </Icon>
  </Collection>
  <Collection Name="Бреды">
    <Icon Id="4" Name="ProgramIcon" Scale="64" Background="#000000" Foreground="#FFFFFF">
      <Path>M258.961,245.217L213.908,245.217 177.94,245.217 173.398,267.341 263.684,267.341 258.961,245.217z</Path>
      <Path>M209.328,276.96L137.798,276.96 128.767,302.98 308.315,302.98 298.922,276.96 209.328,276.96z</Path>
      <Path>M22.244,70.632C16.338,70.632 11.55,65.249 11.55,58.609 11.55,51.968 16.338,46.585 22.244,46.585 28.151,46.585 32.939,51.968 32.939,58.609 32.939,65.249 28.151,70.632 22.244,70.632z M22.244,271.188C16.338,271.188 11.55,265.805 11.55,259.165 11.55,252.524 16.338,247.141 22.244,247.141 28.151,247.141 32.939,252.524 32.939,259.165 32.939,265.805 28.151,271.188 22.244,271.188z M67.927,222.064L67.927,35.59C67.927,34.845,67.965,34.109,68.027,33.381L10.267,33.381C4.62,33.381,0,38.575,0,44.924L0,271.664C0,278.012,4.62,283.207,10.267,283.207L92.4,283.207C98.047,283.207,102.667,278.012,102.667,271.664L102.667,245.15 88.461,245.15C77.167,245.15,67.927,234.761,67.927,222.064z</Path>
      <Path>M332.327,190.078C332.327,193.378,329.627,196.078,326.327,196.078L110.755,196.078C107.455,196.078,104.755,193.378,104.755,190.078L104.755,28.078C104.755,24.778,107.455,22.078,110.755,22.078L326.327,22.078C329.627,22.078,332.327,24.778,332.327,28.078L332.327,190.078z M330.893,0L106.189,0C93.492,0,83.104,10.389,83.104,23.086L83.104,209.56C83.104,222.257,93.492,232.645,106.189,232.645L330.893,232.645C343.59,232.645,353.979,222.257,353.979,209.56L353.979,23.086C353.979,10.389,343.59,0,330.893,0z</Path>
    </Icon>
    <Icon Id="5" Name="DriversIcon2" Scale="64" Background="#000000" Foreground="#FFFFFF">
      <Path>M241.477,171.301C223.26,171.301 208.492,156.533 208.492,138.317 208.492,120.1 223.26,105.333 241.477,105.333 259.693,105.333 274.461,120.1 274.461,138.317 274.461,156.533 259.693,171.301 241.477,171.301z M344.239,159.439C345.068,155.078 345.667,150.529 346.045,145.81 346.06,145.811 346.076,145.812 346.091,145.813 346.12,145.315 346.131,144.827 346.154,144.332 346.189,143.837 346.235,143.352 346.264,142.853 346.248,142.852 346.233,142.851 346.218,142.85 346.391,138.12 346.326,133.532 346.01,129.104 358.037,121.896 369.48,112.833 379.953,102.215 377.102,89.763 372.74,78.393 367.143,68.121 352.823,68.368 338.95,70.587 325.888,74.481 320.766,67.871 314.852,62.077 308.35,57.11 312.676,44.481 315.512,31.117 316.723,17.299 306.803,11.654 296.199,7.209 285.211,3.982 275.73,14.245 267.642,25.269 261.046,36.798 252.482,35.305 243.739,34.768 235.057,35.2 229.45,22.973 222.129,11.132 213.186,0 202.232,1.941 191.514,5.066 181.305,9.391 180.898,23.256 182.16,36.859 184.986,49.906 178.157,53.959 171.788,58.851 166.064,64.592 153.235,59.459 139.319,56.073 124.718,54.844 117.832,64.75 112.119,75.965 107.879,88.506 117.447,99.454 127.984,109.053 139.202,117.027 138.259,121.365 137.545,125.908 137.052,130.635 137.013,130.633 136.973,130.63 136.934,130.628 136.917,131.128 136.918,131.616 136.906,132.112 136.86,132.606 136.802,133.09 136.761,133.588 136.8,133.591 136.84,133.593 136.879,133.595 136.819,138.347 136.999,142.942 137.43,147.361 125.361,153.975 113.778,162.283 103,172.042 105.752,184.991 110.12,196.795 115.807,207.435 130.452,207.914 144.667,206.171 158.006,202.566 163.023,208.935 168.78,214.535 175.09,219.355 170.765,231.984 167.928,245.348 166.718,259.166 176.354,264.65 186.636,269.001 197.289,272.204 207.467,262.19 216.117,251.28 223.109,239.79 231.682,241.229 240.428,241.713 249.107,241.227 254.317,253.446 261.067,265.336 269.288,276.634 280.577,274.707 291.627,271.526 302.136,267.075 302.542,253.209 301.281,239.606 298.454,226.56 305.49,222.384 312.038,217.317 317.895,211.349 330.415,216.736 343.936,220.555 358.129,222.467 364.884,212.917 370.539,202.132 374.821,190.097 365.655,178.331 355.345,167.998 344.239,159.439z</Path>
      <Path>M83.251,322.925C72.299,322.925 63.421,314.047 63.421,303.095 63.421,292.144 72.299,283.265 83.251,283.265 94.203,283.265 103.081,292.144 103.081,303.095 103.081,314.047 94.203,322.925 83.251,322.925z M145.031,315.794C145.53,313.172 145.889,310.437 146.117,307.6 146.126,307.601 146.135,307.601 146.144,307.602 146.162,307.302 146.168,307.009 146.183,306.711 146.203,306.414 146.231,306.122 146.248,305.822 146.239,305.822 146.23,305.821 146.221,305.821 146.325,302.977 146.286,300.219 146.096,297.557 153.326,293.223 160.206,287.775 166.502,281.391 164.788,273.905 162.166,267.07 158.801,260.894 150.192,261.042 141.852,262.377 133.999,264.717 130.919,260.744 127.364,257.26 123.455,254.274 126.056,246.682 127.761,238.648 128.489,230.34 122.525,226.947 116.15,224.274 109.544,222.334 103.844,228.504 98.982,235.131 95.016,242.063 89.868,241.165 84.611,240.842 79.391,241.102 76.021,233.752 71.619,226.632 66.243,219.94 59.658,221.107 53.214,222.986 47.076,225.586 46.832,233.921 47.59,242.1 49.289,249.943 45.184,252.38 41.355,255.321 37.914,258.773 30.201,255.687 21.835,253.651 13.057,252.912 8.917,258.868 5.482,265.61 2.933,273.149 8.686,279.731 15.02,285.502 21.764,290.296 21.198,292.904 20.768,295.635 20.472,298.477 20.448,298.476 20.424,298.474 20.401,298.473 20.391,298.773 20.391,299.066 20.384,299.365 20.357,299.662 20.322,299.953 20.297,300.252 20.321,300.254 20.344,300.255 20.368,300.256 20.332,303.113 20.44,305.876 20.699,308.533 13.443,312.509 6.48,317.503 0,323.371 1.654,331.155 4.281,338.252 7.7,344.649 16.504,344.937 25.05,343.888 33.069,341.721 36.086,345.55 39.546,348.917 43.34,351.815 40.74,359.407 39.034,367.441 38.307,375.749 44.1,379.046 50.281,381.662 56.686,383.587 62.805,377.566 68.005,371.008 72.208,364.1 77.363,364.965 82.621,365.256 87.839,364.964 90.97,372.31 95.029,379.458 99.971,386.25 106.758,385.092 113.401,383.18 119.719,380.503 119.963,372.168 119.205,363.99 117.506,356.146 121.736,353.635 125.672,350.59 129.193,347.001 136.72,350.24 144.849,352.536 153.382,353.686 157.442,347.944 160.843,341.46 163.417,334.225 157.906,327.151 151.708,320.939 145.031,315.794z</Path>
      <Path>M265.232,398.767C252.244,398.767 241.716,388.238 241.716,375.25 241.716,362.262 252.244,351.733 265.232,351.733 278.22,351.733 288.749,362.262 288.749,375.25 288.749,388.238 278.22,398.767 265.232,398.767z M338.499,390.31C339.091,387.2 339.517,383.957 339.787,380.593 339.798,380.594 339.809,380.594 339.82,380.595 339.841,380.239 339.848,379.892 339.865,379.539 339.889,379.186 339.922,378.84 339.943,378.484 339.932,378.484 339.921,378.483 339.91,378.482 340.034,375.11 339.988,371.839 339.762,368.682 348.337,363.542 356.496,357.081 363.963,349.51 361.929,340.633 358.82,332.526 354.829,325.203 344.62,325.378 334.729,326.961 325.416,329.737 321.763,325.024 317.547,320.893 312.912,317.352 315.996,308.348 318.018,298.82 318.881,288.968 311.809,284.943 304.248,281.774 296.414,279.473 289.654,286.79 283.888,294.65 279.185,302.87 273.079,301.806 266.846,301.422 260.655,301.73 256.657,293.013 251.438,284.57 245.062,276.634 237.252,278.018 229.61,280.246 222.331,283.329 222.042,293.215 222.941,302.914 224.956,312.215 220.087,315.105 215.546,318.593 211.465,322.687 202.319,319.027 192.397,316.612 181.987,315.736 177.077,322.799 173.003,330.795 169.98,339.736 176.802,347.542 184.315,354.386 192.313,360.071 191.641,363.164 191.132,366.403 190.78,369.773 190.752,369.772 190.724,369.77 190.696,369.768 190.684,370.125 190.685,370.472 190.677,370.826 190.644,371.178 190.602,371.524 190.573,371.879 190.601,371.88 190.629,371.882 190.657,371.884 190.614,375.272 190.743,378.548 191.05,381.699 182.445,386.414 174.186,392.337 166.502,399.296 168.464,408.528 171.579,416.943 175.633,424.53 186.075,424.871 196.21,423.628 205.72,421.058 209.297,425.599 213.401,429.592 217.901,433.029 214.816,442.033 212.794,451.561 211.931,461.413 218.802,465.323 226.132,468.425 233.728,470.709 240.985,463.568 247.151,455.79 252.137,447.598 258.249,448.624 264.485,448.969 270.673,448.623 274.387,457.335 279.2,465.812 285.061,473.867 293.11,472.493 300.988,470.225 308.481,467.051 308.771,457.166 307.871,447.467 305.856,438.165 310.873,435.188 315.541,431.575 319.717,427.32 328.643,431.161 338.283,433.884 348.403,435.247 353.218,428.438 357.251,420.749 360.303,412.168 353.769,403.779 346.418,396.412 338.499,390.31z</Path>
    </Icon>
  </Collection>
  <Collection Name="Разное">
    <Icon Id="6" Name="Mod" Scale="64" Background="#000000" Foreground="#FFFFFF">
      <Path>M161.418,15.063C174.696,17.943 187.973,20.823 201.251,23.703 188.026,27.17 174.801,30.637 161.576,34.104 149.17,30.701 136.763,27.298 124.357,23.894 136.711,20.95 149.065,18.007 161.418,15.063z M296.859,137.726C280.188,145.91 263.518,154.093 246.847,162.277 224.872,153.843 202.897,145.409 180.921,136.975 188.828,133.255 196.734,129.536 204.641,125.816 212.914,121.924 221.188,118.032 229.461,114.139 251.927,122.002 274.393,129.864 296.859,137.726z M82.359,183.022C82.343,180.906 82.327,178.789 82.311,176.673 84.614,175.758 86.9,174.779 89.185,173.893 101.379,169.16 113.574,164.427 125.769,159.695 134.881,156.158 143.994,152.622 153.106,149.086 153.519,148.925 153.932,148.765 154.346,148.605 154.248,170.819 154.15,193.033 154.051,215.248 153.357,215.609 152.656,215.978 151.941,216.333 128.916,227.751 105.892,239.168 82.867,250.586 82.698,228.064 82.528,205.543 82.359,183.022z M93.719,114.166C110.101,121.793 126.483,129.421 142.865,137.048 123.097,144.72 103.329,152.392 83.56,160.064 80.819,161.128 78.078,162.191 75.337,163.255 59.001,154.384 42.665,145.513 26.329,136.642 45.945,130.099 65.561,123.557 85.178,117.014 88.025,116.065 90.872,115.115 93.719,114.166z M221.563,33.888C221.563,56.373 221.563,78.857 221.563,101.342 204.158,109.529 186.754,117.717 169.349,125.905 169.258,101.924 169.167,77.942 169.077,53.96 169.069,51.858 169.061,49.756 169.053,47.654 180.228,44.724 191.402,41.795 202.577,38.865 208.906,37.206 215.234,35.547 221.563,33.888z M308.701,215.766C290.817,226.894 272.933,238.021 255.05,249.149 254.96,226.81 254.87,204.472 254.779,182.133 254.77,179.777 254.761,177.421 254.751,175.065 272.734,166.237 290.718,157.409 308.701,148.581 308.701,170.976 308.701,193.371 308.701,215.766z M323.701,213.194C323.701,209.381 323.701,205.569 323.701,201.757 323.701,191.288 323.701,180.819 323.701,170.351 323.701,159.089 323.701,147.827 323.701,136.565 323.701,136.127 323.658,135.71 323.594,135.305 323.593,135.299 323.591,135.293 323.59,135.286 323.204,132.894 321.753,131.107 319.838,130.115 319.319,129.81 318.777,129.537 318.195,129.333 292.839,120.459 267.482,111.585 242.126,102.712 240.272,102.063 238.417,101.414 236.563,100.765 236.563,75.232 236.563,49.7 236.563,24.167 236.563,23.469 236.563,22.77 236.563,22.072 236.563,18.932 234.248,15.532 231.057,14.84 211.081,10.507 191.105,6.173 171.13,1.84 168.549,1.28 165.967,0.613 163.365,0.156 160.313,-0.381 157.479,0.587 154.533,1.289 143.007,4.036 131.48,6.782 119.954,9.529 111.029,11.656 102.104,13.783 93.18,15.909 92.429,15.998 91.733,16.205 91.099,16.512 91.024,16.545 90.95,16.58 90.876,16.615 90.874,16.616 90.872,16.617 90.871,16.618 90.178,16.953 89.544,17.406 88.992,17.949 87.711,19.047 86.828,20.652 86.677,22.752 86.657,22.963 86.646,23.175 86.646,23.386 86.646,49.14 86.646,74.893 86.646,100.646 84.488,101.385 82.34,102.167 80.192,102.883 58.98,109.958 37.768,117.033 16.555,124.107 12.901,125.326 9.247,126.545 5.593,127.763 5.021,127.954 4.488,128.218 3.978,128.515 3.861,128.578 3.749,128.649 3.634,128.718 3.534,128.783 3.43,128.843 3.333,128.912 1.754,129.973 0.581,131.616 0.217,133.656 0.209,133.699 0.198,133.74 0.191,133.783 0.128,134.175 0.087,134.577 0.087,134.996 0.087,159.556 0.087,184.116 0.087,208.676 0.087,212.435 -0.109,216.253 0.087,220.008 0.331,224.708 3.27,226.528 6.718,228.673 18.187,235.81 29.656,242.946 41.125,250.082 51.308,256.418 61.49,262.754 71.672,269.089 74.37,270.768 76.99,270.491 79.009,269.191 79.087,269.155 79.165,269.128 79.243,269.089 104.359,256.635 129.474,244.18 154.59,231.726 156.904,230.578 159.217,229.431 161.531,228.284 185.385,240.113 209.239,251.942 233.093,263.77 233.964,264.202 234.835,264.634 235.706,265.066 238.14,266.274 240.642,267.805 243.199,268.782 243.405,268.884 243.612,268.987 243.819,269.089 244.062,269.21 244.31,269.307 244.558,269.402 246.656,270.398 249.173,270.468 251.389,269.089 251.672,268.914 251.954,268.738 252.236,268.562 270.437,258.332 287.865,246.393 305.592,235.363 305.874,235.188 306.156,235.012 306.438,234.837 308.823,233.353 311.208,231.869 313.592,230.385 316.117,228.815 319.371,227.372 321.504,225.234 321.979,224.759 322.349,224.224 322.651,223.653 322.975,223.128 323.257,222.568 323.433,221.924 323.737,220.819 323.795,219.588 323.783,218.358 323.831,216.577 323.701,214.777 323.701,213.194z</Path>
    </Icon>
    <Icon Id="7" Name="FolderIcon" Scale="64" Background="#000000" Foreground="#FFFFFF">
      <Path>M221.444,117.723C220.846,124.044 220.846,130.776 219.985,137.134 219.537,140.462 219.649,143.566 219.237,146.858 218.676,151.383 218.19,160.957 217.741,166.156 217.517,169.223 216.956,172.626 216.881,175.805 216.732,181.265 216.245,189.269 213.665,193.869 210.561,199.367 207.045,202.359 200.874,204.939 196.91,206.622 184.755,207.034 179.332,207.67 164.634,209.315 149.823,210.475 135.125,212.083 120.352,213.691 105.58,214.888 90.9188,216.533 76.1833,218.179 61.4478,219.413 46.7871,220.947 41.2893,221.545 29.845,223.378 25.2822,222.368 19.4479,221.059 15.9697,216.72 15.1843,210.961 15.0721,210.587 14.9973,210.138 14.8851,209.652 13.6509,203.443 10.3597,182.986 6.91896,159.611 3.70258,137.919 0.0747995,99.9957 0,79.1266 -0.0373998,67.8693 2.54318,60.8382 11.9679,55.4152 20.2333,50.6654 54.1549,48.1222 66.0106,46.888 73.4157,45.8783 77.7167,41.1284 78.9509,32.6387 79.0631,31.8534 79.1753,31.0305 79.2127,30.2077 81.1949,17.0056 81.5315,7.16946 95.3694,5.78568L154.199,0.0261536C168.262,-1.39505 169.533,8.32889 173.946,21.1944 174.058,21.531 174.171,21.8676 174.283,22.2042 174.395,22.5782 174.507,22.9522 174.582,23.3636 177.574,31.068 182.698,34.6957 189.991,34.2095 196.947,33.4989 203.717,35.4437 204.539,43.6717 204.988,47.8604 202.931,51.75 199.64,53.9192 196.424,56.0136 191.3,55.9762 187.485,56.3876L152.554,59.9406 152.516,59.9406 107.936,64.5033 70.8352,68.3181C59.2038,69.5149 46.2261,69.4027 35.3802,74.0403 32.7622,75.1623 30.1442,76.6208 27.975,78.6031 20.3081,85.5968 18.3633,97.4525 17.6901,107.214L16.2315,196.001C16.5307,193.533 16.7551,191.363 16.8673,190.092 17.3909,183.547 18.2137,177.189 18.6251,170.943 19.2609,162.341 20.8317,124.567 23.5245,105.157 25.3196,92.4784 31.6402,86.644 40.2047,83.6894 46.4505,81.5202 57.7078,79.912 69.4888,78.7152 110.591,74.489 151.843,70.9735 192.983,67.0465 197.994,66.5603 210.486,64.7651 214.263,65.8497 220.359,67.6075 224.137,72.5443 224.436,79.164L221.444,117.723z M155.695,10.0867L94.2848,16.4073C91.8538,16.6316 90.0586,18.9504 90.3204,21.4936 90.5822,24.0368 92.7888,25.9442 95.2572,25.6824L156.668,19.3618C159.099,19.1374 160.894,16.8186 160.632,14.2754 160.37,11.6949 158.126,9.82486 155.695,10.0867z M161.38,27.1035L92.1904,34.2469C89.4602,34.5087 87.4033,36.8275 87.6651,39.4081 87.9269,41.9513 90.3952,43.8213 93.1628,43.5221L162.315,36.4161C165.083,36.1169 167.102,33.7981 166.84,31.2549 166.579,28.7118 164.11,26.8418 161.38,27.1035z</Path>
    </Icon>
    <Icon Id="8" Name="SearchIcon" Scale="64" Background="#000000" Foreground="#FFFFFF">
      <Path>M55.146,51.887L41.588,37.786C45.074,33.642 46.984,28.428 46.984,23 46.984,10.318 36.666,0 23.984,0 11.302,0 0.984000000000002,10.318 0.984000000000002,23 0.984000000000002,35.682 11.302,46 23.984,46 28.745,46 33.282,44.564 37.161,41.838L50.822,56.046C51.393,56.639 52.161,56.966 52.984,56.966 53.763,56.966 54.502,56.669 55.063,56.129 56.255,54.982 56.293,53.08 55.146,51.887z M23.984,6C33.358,6 40.984,13.626 40.984,23 40.984,32.374 33.358,40 23.984,40 14.61,40 6.984,32.374 6.984,23 6.984,13.626 14.61,6 23.984,6z</Path>
    </Icon>
    <Icon Id="25" Name="Games6" Scale="64" Background="#EE2C2C00" Foreground="#FFFFFFFF">
      <Path>M325.851,201.568C307.35,201.568 292.351,186.569 292.351,168.068 292.351,149.566 307.35,134.568 325.851,134.568 344.353,134.568 359.351,149.566 359.351,168.068 359.351,186.569 344.353,201.568 325.851,201.568z M387.851,139.568C369.35,139.568 354.351,124.569 354.351,106.068 354.351,87.566 369.35,72.568 387.851,72.568 406.353,72.568 421.351,87.566 421.351,106.068 421.351,124.569 406.353,139.568 387.851,139.568z M197,160.588C197,167.188,191.6,172.588,185,172.588L154.351,172.588 154.351,207.088C154.351,213.688,148.951,219.088,142.351,219.088L124.649,219.088C118.049,219.088,112.649,213.688,112.649,207.088L112.649,172.588 82,172.588C75.4,172.588,70,167.188,70,160.588L70,143.588C70,136.988,75.4,131.588,82,131.588L112.649,131.588 112.649,97.088C112.649,90.488,118.049,85.088,124.649,85.088L142.351,85.088C148.951,85.088,154.351,90.488,154.351,97.088L154.351,131.588 185,131.588C191.6,131.588,197,136.988,197,143.588L197,160.588z M498.917,189.889C470.917,43.889 415.917,12.889 415.917,12.889 415.917,12.889 373.917,-16.111 321.917,12.889 315.556,16.436 309.887,19.525 304.794,22.219 293.538,21.561 281.969,35.667 255.272,38.773 254.197,38.898 253.156,39.012 252.134,39.107 251.112,39.012 250.071,38.898 248.995,38.773 222.299,35.667 210.73,21.561 199.474,22.219 194.38,19.525 188.712,16.436 182.351,12.889 130.351,-16.111 88.351,12.889 88.351,12.889 88.351,12.889 33.351,43.889 5.351,189.889 -22.649,335.889 68.351,352.889 68.351,352.889 85.46,359.517 125.351,338.889 136.351,328.889 147.351,318.889 166.545,299.774 182.684,281.222 189.951,272.87 203.705,260.818 214.015,262.219 218.115,263.795 223.113,265.07 228.633,266.012 235.65,267.282 243.42,267.901 251.204,267.928 251.514,267.931 251.824,267.928 252.134,267.929 252.444,267.928 252.754,267.931 253.064,267.928 260.848,267.901 268.618,267.282 275.635,266.012 281.154,265.07 286.153,263.795 290.253,262.219 300.563,260.818 314.317,272.87 321.583,281.222 337.723,299.774 356.917,318.889 367.917,328.889 378.917,338.889 418.808,359.517 435.917,352.889 435.917,352.889 526.917,335.889 498.917,189.889z</Path>
    </Icon>
  </Collection>
  <Collection Name="Логотипы">
    <Icon Id="9" Name="IdiaIcon" Scale="64" Background="#000000" Foreground="#FFFFFF">
      <Path>M10.2946,30.9543C11.4113,21.8915,21.2174,9.64645,31.7912,8.29742L34.8273,11.7911C22.0549,18.8475,20.2403,22.445,14.6219,32.2687L10.2946,30.9543z M47.111,74.6075C47.3553,58.2462 64.2455,49.7715 63.8616,29.3977 63.1288,-9.68964 0.418765,-10.1047 0,29.9857 -0.139588,44.5829 9.5269,54.0261 14.3078,64.2995 16.0875,68.2082 16.9949,71.0446 17.1694,74.4345L47.111,74.6075z</Path>
      <Path>M22.0549,97.0221C24.1139,101.208 28.7203,103.075 32.4194,103.041 36.2929,103.041 39.2243,100.931 41.8765,97.0913L22.0549,97.0221z</Path>
      <Path>M20.9033,84.2583L42.7489,84.2583C44.3193,84.2583 45.6105,82.9784 45.6105,81.4218 45.6105,79.8307 44.3193,78.5508 42.7489,78.5508L20.9033,78.5508C19.333,78.5508 18.0418,79.8307 18.0418,81.4218 18.0418,82.9784 19.333,84.2583 20.9033,84.2583z</Path>
      <Path>M41.7369,88.2707L22.0898,88.2707C20.6591,88.2707 19.5075,89.4468 19.5075,90.865 19.5075,92.2832 20.6591,93.4247 22.0898,93.4247L41.7369,93.4247C43.1677,93.4247 44.3193,92.2832 44.3193,90.865 44.3193,89.4468 43.1677,88.2707 41.7369,88.2707z</Path>
    </Icon>
    <Icon Id="10" Name="ChessIcon" Scale="64" Background="#000000" Foreground="#FFFFFF">
      <Path>M73.1385,101.492L76.4459,101.492C80.2419,101.492 83.3613,98.3827 83.3613,94.5613 83.3613,90.7774 80.2419,87.6678 76.4459,87.6678L69.4553,87.6678C69.1546,81.3362 66.5613,74.8548 61.6754,68.1486 57.7666,62.9409 52.6928,56.984 46.4538,50.3528 45.4015,49.1914 45.2511,48.442 45.8901,48.1424 46.1532,48.1424 46.6418,48.2547 47.3183,48.442 50.776,49.566 52.58,48.2173 55.3237,45.7446 57.6915,43.9463 60.3223,44.3958 63.2163,47.1308 65.2083,49.3037 67.1626,50.0531 69.0418,49.4162 70.921,48.7793 71.56,47.5055 72.5371,46.1567 73.1009,45.37 73.4767,44.6956 74.266,44.0962 75.168,43.4593 76.1828,43.122 76.9721,42.635 77.9492,42.073 78.513,41.3238 78.0996,39.6004 77.7237,38.5888 77.3103,37.6147 76.8593,36.6781 73.1385,28.8854 67.3505,23.3031 59.4955,20.0062 58.4056,17.8333 57.1653,16.1099 55.3237,15.0234 52.4673,13.3375 48.972,14.1617 46.1156,13.4873 45.7022,12.0637 45.4015,10.6025 45.2887,9.06647 45.0256,6.25662 45.2136,3.22195 45.9277,-3.05176E-05 44.4243,0.262238 42.9961,0.674347 41.7183,1.23633 38.1478,2.73492 35.3666,5.35745 33.3746,9.06647 32.2471,11.1645 31.3827,13.5997 30.7437,16.4096 25.933,19.6316 22.0618,23.0783 18.8672,26.4502 12.5155,33.1564 9.8846,40.3122 9.80943,48.6294 9.73426,57.4711 13.1544,64.8142 15.2967,73.3936 16.3866,77.7021 17.4766,82.4977 18.6041,87.6678L6.91546,87.6678C3.11947,87.6678 0,90.7774 0,94.5613 0,98.3827 3.11947,101.492 6.91546,101.492L10.2229,101.492C4.17183,107.112,0,112.544,0,116.478L0,116.928C0.150336,119.775,3.57048,120,5.60002,120L41.6807,120 77.7613,120C79.7909,120,83.211,119.775,83.3613,116.928L83.3613,116.478C83.3613,112.544,79.1895,107.112,73.1385,101.492z</Path>
    </Icon>
    <Icon Id="11" Name="PluginsIcon" Scale="64" Background="#000000" Foreground="#FFFFFF">
      <Path>M261.43,55.742L187.38,96.901C187.269,96.963,187.134,96.961,187.025,96.897L112.96,53.318C112.716,53.175,112.728,52.818,112.981,52.69L186.817,15.419C186.921,15.367,187.045,15.368,187.147,15.423L261.424,55.113C261.674,55.246,261.677,55.604,261.43,55.742z M165.168,203.358L95.155,245.948C95.033,246.022,94.878,246.016,94.761,245.933L24.594,195.911C24.379,195.758,24.398,195.434,24.628,195.306L94.091,156.807C94.206,156.743,94.348,156.748,94.459,156.82L165.177,202.752C165.398,202.896,165.393,203.221,165.168,203.358z M284.334,53.666C284.328,53.61 284.309,53.555 284.279,53.508 282.998,51.527 281.772,49.517 280.614,47.467 280.591,47.427 280.561,47.392 280.525,47.363 280.236,47.136 279.946,46.911 279.643,46.699 279.4,46.53 279.187,46.347 278.987,46.157 278.283,45.815 277.571,45.489 276.837,45.204 276.411,45.038 276.034,44.831 275.694,44.596L192.312,0.042C192.253,0.011 192.187,-0.003 192.121,0.001 187.897,0.25 183.678,0.558 179.496,1.204 179.486,1.205 179.477,1.205 179.467,1.206L94.443,44.124 94.179,43.968C91.523,48.03,88.587,51.908,86.06,56.054L86.605,56.375 86.605,142.452C86.605,142.582,86.534,142.702,86.42,142.765L9.301,185.508C9.292,185.513 9.283,185.518 9.275,185.524 8.321,186.182 7.347,186.788 6.363,187.369 6.309,187.401 6.264,187.447 6.234,187.502 4.114,191.31 2.007,195.123 0.039,199.01 0.013,199.061 0,199.118 0,199.175L0,289.109C0,289.178 0.022,289.245 0.062,289.301 0.663,290.16 0.967,291.216 0.986,292.279 1.146,292.524 1.275,292.788 1.388,293.058 2.834,293.621 3.75,294.825 4.128,296.203 4.148,296.275 4.189,296.338 4.248,296.384L86.605,360.137 86.605,360.193C87.516,360.409 88.388,360.867 89.036,361.513 89.125,361.603 89.223,361.683 89.313,361.771 89.338,361.78 89.36,361.796 89.385,361.806 93.13,361.676 96.856,361.586 100.573,361.561 100.639,361.56 100.702,361.54 100.757,361.503 101.456,361.032 102.329,360.738 103.38,360.718 103.444,360.716 103.509,360.698 103.562,360.662L109.185,356.946C109.214,356.921 109.244,356.896 109.274,356.871 109.886,356.237 110.546,355.827 111.218,355.592 111.241,355.583 111.262,355.573 111.283,355.559L182.146,308.722 200.286,296.684C200.013,292.464 200.024,288.239 200.071,284.009 199.834,283.965 199.596,283.933 199.359,283.877 198.081,283.574 196.87,283.08 195.563,282.892 195.479,282.88 195.401,282.856 195.319,282.839 179.433,293.01 103.156,341.764 103.156,341.764 102.917,341.916 102.605,341.745 102.605,341.462L102.605,261.603C102.605,261.479,102.67,261.363,102.777,261.298L194.885,205.052C194.878,200.391 194.922,195.734 195.236,191.088 195.235,191.054 195.225,191.02 195.225,190.987 195.226,190.616 195.245,190.243 195.281,189.87 195.111,189.85 194.963,189.715 194.963,189.521L194.963,111.203C194.963,111.073,195.033,110.953,195.147,110.89L268.038,70.374C268.277,70.241 269.567,71.214 269.567,71.487 269.567,71.487 270.357,145.844 270.547,147.429 273.702,147.591 282.937,147.257 284.506,147.317L284.57,144.194 284.57,61.184C284.57,61.184,284.568,56.103,284.334,53.666z</Path>
      <Path>M301.404,290.222C283.387,290.222 268.781,275.617 268.781,257.6 268.781,239.583 283.387,224.977 301.404,224.977 319.421,224.977 334.026,239.583 334.026,257.6 334.026,275.617 319.421,290.222 301.404,290.222z M395.966,236.486C395.676,235.351 395.365,234.213 395.03,233.071 392.562,231.232 390.04,229.513 387.478,227.916 384.415,228.086 381.371,228.337 378.344,228.655 374.911,219.534 369.898,211.193 363.646,203.947 365.466,201.334 367.25,198.686 368.951,195.961 368.824,192.917 368.57,189.85 368.188,186.771 367.366,185.919 366.536,185.089 365.699,184.279 359.555,178.347 352.984,173.56 346.135,169.828 345.201,169.32 344.262,168.83 343.318,168.361 340.618,169.127 338.007,170.027 335.492,171.044 333.406,174.09 331.439,177.202 329.53,180.344 322.579,177.813 315.184,176.216 307.502,175.652 307.055,172.111 306.549,168.573 305.921,165.048 304.102,163.129 302.167,161.273 300.119,159.487 299.118,159.535 298.117,159.6 297.118,159.68 289.788,160.269 282.524,161.711 275.475,163.915 274.514,164.216 273.557,164.531 272.604,164.86 271.238,167.303 270,169.765 268.89,172.234 269.329,175.332 269.859,178.402 270.432,181.459 263.223,184.394 256.53,188.324 250.512,193.077 248.206,191.138 245.87,189.228 243.468,187.383 240.797,187.167 238.07,187.067 235.297,187.091 234.551,187.774 233.814,188.469 233.088,189.174 227.763,194.343 222.992,200.074 218.927,206.277 218.372,207.123 217.831,207.977 217.303,208.84 217.852,211.52 218.516,214.134 219.29,216.676 221.805,218.756 224.379,220.749 226.979,222.701 223.707,229.666 221.371,237.157 220.164,245.024 216.819,245.191 213.471,245.436 210.123,245.776 208.025,247.509 205.982,249.385 204.01,251.406 203.958,252.47 203.925,253.539 203.912,254.614 203.814,262.493 204.763,270.641 206.91,278.968 207.203,280.104 207.518,281.243 207.856,282.385 210.33,284.22 212.857,285.935 215.424,287.527 218.485,287.349 221.526,287.09 224.55,286.765 227.95,295.72 232.872,303.921 238.997,311.064 237.174,313.667 235.388,316.305 233.683,319.02 233.804,322.066 234.051,325.136 234.428,328.218 235.248,329.073 236.076,329.907 236.913,330.72 243.047,336.677 249.611,341.487 256.454,345.241 257.387,345.753 258.325,346.245 259.268,346.718 261.972,345.96 264.585,345.068 267.103,344.057 269.195,341.021 271.167,337.919 273.082,334.786 280.03,337.337 287.426,338.951 295.109,339.533 295.548,343.074 296.046,346.611 296.665,350.137 298.48,352.06 300.41,353.922 302.454,355.713 303.455,355.667 304.456,355.605 305.456,355.527 312.787,354.956 320.054,353.532 327.107,351.344 328.069,351.045 329.027,350.732 329.98,350.406 331.352,347.966 332.595,345.506 333.711,343.039 333.28,339.941 332.757,336.871 332.192,333.814 339.41,330.895 346.114,326.981 352.144,322.242 354.442,324.184 358.771,330.098 361.166,331.947 363.836,332.169 364.563,328.275 367.336,328.258 368.084,327.576 368.822,326.883 369.549,326.18 374.886,321.023 379.67,315.303 383.751,309.11 384.307,308.265 384.85,307.412 385.38,306.55 384.838,303.87 384.18,301.254 383.413,298.711 380.907,296.627 378.341,294.631 375.749,292.675 379.037,285.718 381.383,278.23 382.609,270.369 385.956,270.21 389.306,269.974 392.656,269.643 394.759,267.916 396.807,266.046 398.784,264.032 398.839,262.969 398.875,261.9 398.892,260.826 399.013,252.952 398.087,244.809 395.966,236.486z</Path>
    </Icon>
  </Collection>
  <Collection Name="Игры">
    <Icon Id="12" Name="ProgramIcon4" Scale="64" Background="#000000" Foreground="#FFFFFF">
      <Path>M336.461,361.746L291.408,361.746 255.44,361.746 243,383.87 350,383.87 336.461,361.746z</Path>
      <Path>M293.5,389.5L219,396.5 206.267,419.509 385.815,419.509 371.841,395.51 293.5,389.5z</Path>
      <Path>M99.744,187.162C93.838,187.162 89.05,181.779 89.05,175.138 89.05,168.498 93.838,163.114 99.744,163.114 105.651,163.114 110.439,168.498 110.439,175.138 110.439,181.779 105.651,187.162 99.744,187.162z M99.744,387.718C93.838,387.718 89.05,382.334 89.05,375.694 89.05,369.053 93.838,363.67 99.744,363.67 105.651,363.67 110.439,369.053 110.439,375.694 110.439,382.334 105.651,387.718 99.744,387.718z M142,338.667L145.427,152.12C145.427,151.374,145.465,150.638,145.527,149.91L87.767,149.91C82.12,149.91,77.5,155.104,77.5,161.453L77.5,388.193C77.5,394.542,82.12,399.736,87.767,399.736L169.9,399.736C175.547,399.736,189,390.219,189,383.87L176.5,365 164.958,365.609C153.665,365.609,142,357.333,142,338.667z</Path>
      <Path>M409.827,306.608C410,317.5,401.267,318.467,397.967,318.467L194.074,318.426C190.774,318.426,183,318,182.255,306.608L182.255,144.608C182.255,141.308,184.955,138.608,188.255,138.608L403.827,138.608C407.127,138.608,409.827,141.308,409.827,144.608L409.827,306.608z M408.393,116.529L183.689,116.529C170.992,116.529,160.604,126.918,160.604,139.615L155.333,327.333C155.333,342.5,163.5,349.175,183.689,349.175L408.393,349.175C427.5,349.175,437.79,341.197,437.79,328.5L432.993,137.963C432.993,125.266,421.09,116.529,408.393,116.529z</Path>
    </Icon>
    <Icon Id="13" Name="DriversIcon5" Scale="64" Background="#000000" Foreground="#FFFFFF">
      <Path>M243.404,197.952C211.927,190.902 192.125,159.67 199.175,128.193 206.225,96.716 237.457,76.914 268.934,83.964 300.411,91.014 320.213,122.246 313.163,153.723 306.113,185.2 274.881,205.002 243.404,197.952z M354.225,178.489C355.747,174.319 357.071,169.926 358.205,165.331 358.221,165.334 358.236,165.337 358.251,165.341 358.36,164.853 358.449,164.374 358.552,163.889 358.666,163.406 358.79,162.935 358.899,162.447 358.884,162.444 358.869,162.441 358.854,162.437 359.788,157.797 360.464,153.258 360.866,148.838 373.898,143.664 386.653,136.565 398.701,127.775 397.896,115.026 395.425,103.102 391.558,92.062 377.386,89.996 363.337,89.948 349.818,91.684 345.828,84.334 340.927,77.662 335.311,71.712 341.617,59.946 346.572,47.215 349.996,33.773 341.116,26.602 331.368,20.504 321.044,15.547 310.033,24.147 300.272,33.721 291.903,44.036 283.692,41.181 275.15,39.241 266.511,38.267 262.95,25.296 257.635,12.428 250.604,0 239.481,0.149 228.399,1.504 217.626,4.126 214.989,17.744 214.04,31.372 214.725,44.704 207.331,47.603 200.257,51.403 193.681,56.146 181.848,49.011 168.661,43.425 154.449,39.857 146.055,48.523 138.608,58.669 132.401,70.362 140.078,82.709 148.929,93.882 158.713,103.561 157.084,107.691 155.646,112.059 154.397,116.645 154.358,116.636 154.32,116.627 154.282,116.619 154.184,117.109 154.107,117.591 154.015,118.078 153.89,118.559 153.754,119.027 153.634,119.512 153.672,119.521 153.71,119.529 153.749,119.538 152.923,124.218 152.36,128.782 152.072,133.213 139.094,137.794 126.323,144.124 114.112,152.017 114.739,165.24 117.147,177.594 121.043,189.012 135.419,191.847 149.729,192.42 163.475,191.014 167.399,198.108 172.177,204.563 177.627,210.339 171.321,222.104 166.366,234.836 162.943,248.278 171.568,255.244 181.014,261.197 191.011,266.076 202.671,257.834 212.967,248.463 221.721,238.25 229.95,241.054 238.503,242.942 247.147,243.863 250.317,256.762 255.061,269.585 261.353,282.061 272.805,281.98 284.223,280.623 295.312,277.925 297.95,264.307 298.899,250.678 298.214,237.347 305.831,234.36 313.11,230.416 319.853,225.471 331.341,232.807 344.068,238.757 357.767,242.933 365.974,234.597 373.295,224.865 379.462,213.678 372.314,200.589 363.805,188.728 354.225,178.489z</Path>
      <Path>M218.542,380.755C212.887,363.533 222.265,344.988 239.487,339.334 256.709,333.68 275.254,343.057 280.908,360.279 286.562,377.501 277.184,396.046 259.963,401.7 242.741,407.354 224.196,397.977 218.542,380.755z M294.403,441.808C292.195,433.881 289.336,426.242 285.893,418.973 292.291,413.685 297.437,407.066 301.209,399.706 308.895,401.599 316.846,402.767 324.964,403.175 329.149,392.755 331.458,381.541 331.732,370.315 324.11,367.633 316.357,365.673 308.564,364.44 308.072,356.524 306.155,348.725 302.706,341.567 308.663,335.981 314.127,329.679 318.953,322.743 312.745,313.071 304.202,304.58 293.16,298.082 286.1,302.914 279.652,308.344 273.954,314.267 271.016,312.981 267.876,311.872 264.539,310.95 264.548,310.906 264.557,310.861 264.566,310.816 263.902,310.681 263.243,310.556 262.587,310.439 261.506,310.171 260.41,309.918 259.288,309.69 259.272,309.769 259.256,309.847 259.24,309.925 255.808,309.47 252.484,309.265 249.277,309.301 246.345,301.623 242.53,294.107 237.918,286.901 225.215,288.569 214.034,293.05 204.541,299.529 206.275,307.799 208.844,315.734 212.146,323.203 206.175,328.446 201.364,334.876 197.819,341.972 190.164,340.063 182.262,338.839 174.198,338.331 170.065,348.773 167.811,359.997 167.593,371.224 175.226,374.02 183.002,376.05 190.817,377.309 191.415,385.557 193.566,393.661 197.392,401.028 191.383,406.374 185.767,412.29 180.639,418.725 186.911,428.364 195.52,436.812 206.631,443.255 213.668,438.384 220.087,432.919 225.752,426.965 228.583,428.183 231.599,429.239 234.797,430.122 234.788,430.166 234.779,430.211 234.77,430.255 235.428,430.389 236.083,430.513 236.734,430.629 237.819,430.898 238.921,431.152 240.048,431.381 240.063,431.303 240.079,431.225 240.095,431.147 243.384,431.583 246.573,431.789 249.655,431.774 252.544,439.467 256.319,447.005 260.894,454.238 273.639,452.646 284.864,448.231 294.403,441.808z</Path>
      <Path>M79.12,337.805C58.534,333.194 45.583,312.768 50.194,292.181 54.805,271.595 75.231,258.644 95.817,263.255 116.404,267.866 129.354,288.292 124.744,308.878 120.133,329.465 99.707,342.415 79.12,337.805z M150.573,330.847C150.993,329.993 151.397,329.131 151.785,328.261 156.535,328.985 161.354,329.475 166.224,329.724 168.023,327.477 169.732,325.099 171.335,322.596 171.234,319.569 170.976,316.58 170.566,313.642 166.289,311.365 161.93,309.316 157.509,307.502 157.65,306.317 157.761,305.125 157.843,303.927 157.915,302.862 157.964,301.792 157.988,300.719 162.654,299.533 167.29,298.092 171.875,296.395 172.657,293.52 173.291,290.539 173.759,287.46 172.454,284.555 171,281.73 169.407,278.996 164.549,278.479 159.706,278.215 154.898,278.204 154.525,276.967 154.117,275.73 153.674,274.495 153.085,274.706 152.496,274.917 151.907,275.129 151.454,273.968 150.968,272.822 150.454,271.69 150.891,271.475 151.328,271.259 151.764,271.044 151.184,269.867 150.579,268.714 149.949,267.586 153.284,264.123 156.461,260.458 159.467,256.607 158.609,253.56 157.59,250.552 156.409,247.594 153.87,245.789 151.287,244.173 148.677,242.736 144.269,244.851 140.011,247.182 135.914,249.712 135.125,248.983 134.323,248.274 133.507,247.586 132.589,246.811 131.655,246.063 130.705,245.34 132.475,240.901 134.033,236.344 135.37,231.687 133.543,229.349 131.574,227.085 129.468,224.909 126.555,224.32 123.657,223.896 120.791,223.626 117.585,227.3 114.586,231.105 111.804,235.023 110.91,234.696 110.009,234.387 109.103,234.096 109.021,234.069 108.939,234.043 108.856,234.017 107.826,233.689 106.789,233.385 105.746,233.104 105.744,228.339 105.503,223.543 105.022,218.734 102.502,217.264 99.871,215.904 97.136,214.669 94.247,215.208 91.424,215.885 88.678,216.692 87.082,221.289 85.725,225.929 84.608,230.594 83.794,230.616 82.981,230.652 82.168,230.701 81.945,230.714 81.722,230.729 81.499,230.744 80.557,230.81 79.616,230.894 78.675,230.996 76.916,226.559 74.921,222.18 72.694,217.879 69.793,217.429 66.82,217.127 63.789,216.988 61.267,218.556 58.853,220.238 56.553,222.022 56.745,226.897 57.178,231.726 57.846,236.491 56.872,236.913 55.905,237.358 54.946,237.826 53.866,238.352 52.797,238.907 51.738,239.492 48.382,236.086 44.821,232.833 41.066,229.753 38.125,230.524 35.165,231.483 32.202,232.645 30.373,235.18 28.682,237.801 27.132,240.496 29.151,244.981 31.382,249.325 33.815,253.509 33.03,254.35 32.259,255.215 31.503,256.104 31.897,256.438 32.29,256.773 32.684,257.108 31.955,258.024 31.247,258.959 30.562,259.915 29.978,259.525 29.395,259.134 28.811,258.744 28.162,259.714 27.541,260.692 26.946,261.676 22.256,260.478 17.468,259.519 12.603,258.802 10.433,261.029 8.374,263.371 6.435,265.823 6.126,268.991 6.012,272.101 6.073,275.14 10.062,277.911 14.164,280.448 18.357,282.747 18.084,283.925 17.842,285.105 17.63,286.287 17.442,287.338 17.279,288.39 17.139,289.442 12.372,290.1 7.608,291.003 2.866,292.149 1.778,294.849 0.82,297.631 0,300.485 0.962,303.363 2.064,306.141 3.289,308.809 8.035,309.776 12.793,310.499 17.541,310.98 17.7,311.912 17.876,312.841 18.07,313.765 18.116,313.984 18.163,314.202 18.211,314.42 18.386,315.216 18.574,316.008 18.775,316.797 14.592,319.145 10.499,321.719 6.513,324.509 6.487,327.37 6.606,330.271 6.877,333.198 8.812,335.491 10.839,337.651 12.941,339.674 17.699,338.823 22.378,337.745 26.963,336.446 27.518,337.372 28.094,338.287 28.69,339.188 28.738,339.26 28.785,339.333 28.833,339.405 29.361,340.196 29.904,340.978 30.463,341.75 27.454,345.496 24.613,349.419 21.954,353.507 22.997,356.191 24.196,358.862 25.558,361.504 28.227,362.936 30.942,364.211 33.69,365.33 37.805,362.772 41.763,360.029 45.55,357.114 46.505,357.83 47.48,358.525 48.476,359.196 49.361,359.793 50.262,360.371 51.178,360.931 49.864,365.562 48.785,370.296 47.953,375.114 50.049,377.232 52.309,379.276 54.738,381.225 57.906,381.553 61.079,381.712 64.244,381.705 67.127,377.762 69.85,373.409 72.271,369.255 73.528,369.553 74.738,370.116 76.029,370.352 76.109,369.915 76.189,369.478 76.269,369.041 77.461,369.231 78.652,369.389 79.84,369.515 79.7,370.113 79.592,370.711 79.553,371.31 80.718,371.384 83.126,371.446 84.276,371.466 85.592,376.124 87.163,380.748 88.984,385.316 91.999,386.077 95.058,386.683 98.152,387.131 101.047,385.809 103.794,384.348 106.393,382.77 106.79,377.93 106.927,373.109 106.812,368.328 107.968,367.974 109.111,367.591 110.24,367.181 111.243,366.817 112.235,366.431 113.216,366.024 116.176,369.817 119.346,373.486 122.716,377.013 125.598,376.6 128.486,376.034 131.366,375.312 133.373,373.036 135.223,370.69 136.917,368.292 135.373,363.7 133.612,359.222 131.646,354.873 132.374,354.268 133.089,353.65 133.791,353.018 133.957,352.869 134.122,352.719 134.286,352.568 134.887,352.018 135.478,351.458 136.06,350.888 140.19,353.329 144.469,355.579 148.882,357.627 151.371,356.215 153.821,354.657 156.217,352.954 157.23,350.13 158.082,347.294 158.777,344.461 155.655,340.771 152.375,337.264 148.952,333.949 149.475,333.004 149.977,332.047 150.458,331.079 150.497,331.002 150.535,330.924 150.573,330.847z</Path>
      <Path>M285.901,141.03C285.901,157.319 272.696,170.524 256.407,170.524 240.118,170.524 226.913,157.319 226.913,141.03 226.913,124.741 240.118,111.536 256.407,111.536 272.696,111.536 285.901,124.741 285.901,141.03z</Path>
      <Path>M104.595,300.9C104.595,310.684 96.664,318.616 86.88,318.616 77.095,318.616 69.164,310.684 69.164,300.9 69.164,291.116 77.095,283.184 86.88,283.184 96.664,283.184 104.595,291.116 104.595,300.9z</Path>
      <Path>M264.509,370.569C264.509,378.769 257.862,385.416 249.663,385.416 241.463,385.416 234.816,378.769 234.816,370.569 234.816,362.37 241.463,355.723 249.663,355.723 257.862,355.723 264.509,362.37 264.509,370.569z</Path>
    </Icon>
    <Icon Id="14" Name="StarIcon" Scale="64" Background="#000000" Foreground="#FFFFFF">
      <Path>M70.3488,37.7757C52.5504,-12.5919 58.3303,-12.5919 40.5319,37.7757 -12.8633,39.1519 -11.0896,33.6472 31.3269,66.1553 16.1279,117.349 11.4489,113.954 55.4556,83.6784 99.4623,113.954 94.7834,117.349 79.5844,66.1553 121.97,33.6472 123.744,39.1519 70.3488,37.7757z</Path>
    </Icon>
    <Icon Id="15" Name="ModsIcon2" Scale="64" Background="#000000" Foreground="#FFFFFF">
      <Path>M194.963,110.998L268.57,70.083 268.57,145.157 194.963,190.165 194.963,110.998z M112.395,52.991L186.983,15.341 262.004,55.428 187.201,97.006 112.395,52.991z M176.669,293.169L102.605,342.122 102.605,261.408 176.253,216.413 176.669,216.683 176.669,293.169z M94.954,246.076L24.131,195.587 94.279,156.708 165.654,203.068 94.954,246.076z M248.756,311.774C240.604,313.632,232.217,314.432,223.778,314.157L220.315,314.043 218.683,310.988C214.695,303.527,211.747,295.384,209.92,286.787L209.202,283.41 211.762,281.092C217.95,275.489,224.535,270.6,231.385,266.52L230.964,266.488 231.387,260.468C231.405,260.241,231.429,260.017,231.451,259.793L231.466,259.537C231.469,259.316,231.473,259.094,231.479,258.87L231.69,252.609 231.878,252.623C225.663,247.828,219.794,242.284,214.39,236.099L212.117,233.499 213.224,230.229C215.025,224.902,217.265,219.818,219.906,215.024L203.938,204.67 278.321,159.092 278.868,159.415C285.519,156.689,292.528,154.594,299.751,153.172L284.57,144.2 284.57,61.19 284.931,60.989C284.783,58.517 284.563,56.051 284.325,53.585 283.015,51.562 281.762,49.508 280.579,47.412 280.273,47.17 279.965,46.93 279.643,46.705 279.4,46.535 279.187,46.352 278.987,46.163 278.283,45.82 277.571,45.494 276.837,45.209 276.411,45.043 276.034,44.836 275.694,44.602L192.222,0C187.964,0.25 183.712,0.558 179.496,1.209 179.486,1.21 179.477,1.21 179.467,1.212L94.443,44.13 94.179,43.973C91.523,48.035,88.587,51.913,86.06,56.06L86.605,56.38 86.605,142.668 9.288,185.521C8.302,186.201 7.296,186.825 6.281,187.423 4.131,191.285 1.993,195.15 0,199.093L0,289.221C0.643,290.094 0.967,291.186 0.986,292.285 1.146,292.53 1.275,292.793 1.388,293.063 2.873,293.642 3.798,294.895 4.157,296.319L86.605,360.142 86.605,360.198C87.516,360.414 88.388,360.872 89.036,361.519 89.125,361.608 89.223,361.688 89.313,361.776 89.338,361.786 89.36,361.802 89.385,361.812 93.164,361.68 96.924,361.59 100.674,361.565 101.409,361.046 102.342,360.725 103.48,360.722L109.212,356.933C109.24,356.905 109.27,356.88 109.298,356.852 109.913,356.221 110.577,355.815 111.252,355.585L182.146,308.728 237.534,347.724C241.984,343.6 246.516,339.571 251.101,335.603 251.901,329.549 253.168,323.603 254.898,317.84 252.714,315.943 250.661,313.916 248.756,311.774z</Path>
      <Path>M315.976,303.844C292.11,303.844 272.763,284.497 272.763,260.63 272.763,236.764 292.11,217.417 315.976,217.417 339.842,217.417 359.189,236.764 359.189,260.63 359.189,284.497 339.842,303.844 315.976,303.844z M382.413,274.286C382.949,271.467 383.336,268.525 383.581,265.475 383.591,265.476 383.601,265.476 383.611,265.477 383.63,265.155 383.636,264.839 383.652,264.519 383.674,264.199 383.704,263.885 383.722,263.563 383.712,263.563 383.702,263.562 383.693,263.561 383.805,260.503 383.763,257.537 383.558,254.674 391.334,250.014 398.732,244.155 405.503,237.29 403.659,229.24 400.839,221.889 397.221,215.248 387.963,215.408 378.994,216.843 370.549,219.36 367.237,215.086 363.414,211.34 359.211,208.129 362.007,199.965 363.841,191.325 364.624,182.391 358.211,178.742 351.355,175.868 344.251,173.781 338.122,180.417 332.893,187.543 328.628,194.997 323.091,194.032 317.439,193.685 311.826,193.964 308.201,186.059 303.468,178.404 297.686,171.207 290.604,172.462 283.674,174.482 277.074,177.278 276.811,186.242 277.627,195.037 279.454,203.471 275.039,206.092 270.922,209.255 267.221,212.967 258.927,209.648 249.93,207.459 240.49,206.664 236.038,213.069 232.344,220.319 229.603,228.427 235.789,235.505 242.602,241.711 249.854,246.866 249.245,249.671 248.783,252.608 248.464,255.664 248.439,255.663 248.413,255.661 248.388,255.66 248.377,255.983 248.378,256.298 248.37,256.619 248.34,256.938 248.303,257.251 248.276,257.573 248.302,257.575 248.327,257.576 248.352,257.578 248.314,260.65 248.43,263.621 248.709,266.478 240.906,270.754 233.417,276.125 226.449,282.434 228.228,290.806 231.053,298.437 234.729,305.316 244.197,305.626 253.388,304.499 262.012,302.168 265.255,306.286 268.977,309.906 273.057,313.023 270.26,321.188 268.426,329.827 267.643,338.761 273.873,342.306 280.521,345.12 287.408,347.19 293.989,340.716 299.581,333.663 304.101,326.234 309.644,327.165 315.298,327.478 320.909,327.163 324.277,335.063 328.641,342.75 333.956,350.054 341.255,348.809 348.399,346.752 355.193,343.874 355.456,334.91 354.64,326.115 352.813,317.681 357.362,314.981 361.595,311.705 365.382,307.847 373.476,311.33 382.217,313.799 391.393,315.035 395.76,308.86 399.417,301.888 402.185,294.107 396.259,286.5 389.593,279.82 382.413,274.286z</Path>
      <Path>M342.493,260.631C342.493,275.275 330.621,287.147 315.976,287.147 301.331,287.147 289.459,275.275 289.459,260.631 289.459,245.986 301.331,234.114 315.976,234.114 330.621,234.114 342.493,245.986 342.493,260.631z</Path>
    </Icon>
    <Icon Id="16" Name="ProgramIcon2" Scale="64" Background="#000000" Foreground="#FFFFFF">
      <Path>M250.98,246.139L207.348,246.139 172.514,246.139 177.415,268.262 255.554,268.262 250.98,246.139z</Path>
      <Path>M197.656,277.881L126.126,277.881 117.094,303.901 296.643,303.901 287.25,277.881 197.656,277.881z</Path>
      <Path>M25.009,72.317C18.369,72.317 12.986,66.934 12.986,60.293 12.986,53.653 18.369,48.27 25.009,48.27 31.65,48.27 37.033,53.653 37.033,60.293 37.033,66.934 31.65,72.317 25.009,72.317z M25.009,272.873C18.369,272.873 12.986,267.49 12.986,260.849 12.986,254.209 18.369,248.826 25.009,248.826 31.65,248.826 37.033,254.209 37.033,260.849 37.033,267.49 31.65,272.873 25.009,272.873z M57.714,215.162L57.714,35.065 11.543,35.065C5.194,35.065,0,40.26,0,46.608L0,273.349C0,279.697,5.194,284.891,11.543,284.891L103.885,284.891C110.234,284.891,115.428,279.697,115.428,273.349L115.428,246.835</Path>
      <Path>M342.33,184.113C342.33,187.413,339.715,190.113,336.519,190.113L318.965,190.113 112.793,190.113 96.987,190.113C93.791,190.113,91.176,187.413,91.176,184.113L91.176,25.302C91.176,22.002,93.791,19.302,96.987,19.302L336.519,19.302C339.715,19.302,342.33,22.002,342.33,25.302L342.33,184.113z M211.835,227C204.882,227 199.245,221.18 199.245,214 199.245,206.82 204.882,201 211.835,201 218.788,201 224.425,206.82 224.425,214 224.425,221.18 218.788,227 211.835,227z M339.154,0L94.121,0C80.275,0,68.947,10.072,68.947,22.383L68.947,203.184C68.947,215.494,158.668,246.139,172.514,246.139L250.98,246.139C264.825,246.139,364.328,215.494,364.328,203.184L364.328,22.383C364.328,10.072,352.999,0,339.154,0z</Path>
    </Icon>
  </Collection>
  <Collection Name="Диски">
    <Icon Id="17" Name="DriversIcon4" Scale="64" Background="#000000" Foreground="#FFFFFF">
      <Path>M246.269,249.548C241.553,226.175 256.677,203.405 280.049,198.689 303.421,193.973 326.191,209.097 330.907,232.469 335.623,255.841 320.499,278.611 297.127,283.327 273.755,288.043 250.985,272.92 246.269,249.548z M340.729,358.151C342.126,357.478 343.521,356.776 344.914,356.044 346.654,352.36 348.224,348.638 349.624,344.897 348.602,340.968 347.48,337.085 346.275,333.242 357.209,326.401 366.717,317.715 374.481,307.707 378.346,309.385 382.249,311.005 386.229,312.499 390.143,311.537 394.057,310.405 397.95,309.103 398.84,307.814 399.7,306.521 400.531,305.222 406.619,295.7 411.109,285.922 414.156,276.061 414.572,274.716 414.961,273.37 415.323,272.022 413.622,268.72 411.771,265.569 409.793,262.573 405.296,260.664 400.744,258.926 396.169,257.272 397.633,247.593 397.769,237.583 396.49,227.47 400.967,225.963 405.422,224.38 409.832,222.642 411.844,219.781 413.746,216.784 415.527,213.661 415.202,212.374 414.856,211.093 414.49,209.818 411.808,200.464 408.036,191.418 403.332,182.851 402.69,181.683 402.031,180.524 401.355,179.374 397.828,178.241 394.31,177.28 390.817,176.486 386.912,177.866 383.069,179.358 379.254,180.9 373.558,172.317 366.709,164.664 358.967,158.101 360.879,154.602 362.746,151.072 364.511,147.473 364.092,143.951 363.507,140.388 362.751,136.797 361.669,136.007 360.575,135.234 359.47,134.476 351.371,128.922 342.688,124.233 333.577,120.583 332.335,120.085 331.084,119.607 329.826,119.148 326.494,120.561 323.277,122.107 320.182,123.776 318.142,127.583 316.231,131.443 314.379,135.327 304.488,132.906 294.158,131.837 283.637,132.33 282.544,128.034 281.351,123.755 280.034,119.502 277.235,117.233 274.267,115.074 271.13,113.045 269.736,113.257 268.34,113.494 266.942,113.758 256.695,115.693 246.374,119.056 236.134,124.021 234.737,124.698 233.342,125.405 231.949,126.143 230.217,129.832 228.653,133.56 227.26,137.307 228.292,141.23 229.424,145.108 230.638,148.945 219.91,155.701 210.561,164.231 202.897,174.048 199.044,172.364 195.153,170.737 191.185,169.236 187.266,170.191 183.348,171.315 179.448,172.61 178.554,173.898 177.689,175.191 176.854,176.488 170.732,186.005 166.209,195.779 163.131,205.638 162.711,206.983 162.318,208.329 161.952,209.676 163.643,212.984 165.484,216.141 167.454,219.143 171.94,221.062 176.481,222.808 181.046,224.472 179.556,234.154 179.398,244.17 180.654,254.29 176.175,255.785 171.717,257.357 167.305,259.084 165.286,261.941 163.376,264.933 161.587,268.052 161.909,269.339 162.252,270.621 162.614,271.898 165.274,281.258 169.024,290.313 173.709,298.889 174.347,300.059 175.004,301.22 175.677,302.371 179.202,303.512 182.717,304.481 186.21,305.282 190.116,303.913 193.962,302.43 197.78,300.898 203.456,309.497 210.287,317.169 218.014,323.75 216.096,327.241 214.223,330.763 212.451,334.353 212.862,337.875 213.438,341.44 214.186,345.032 215.267,345.824 216.358,346.6 217.461,347.36 225.548,352.933 234.22,357.642 243.322,361.314 244.563,361.815 245.812,362.297 247.069,362.758 250.405,361.354 253.626,359.816 256.724,358.154 258.771,354.358 260.689,350.507 262.548,346.633 272.433,349.077 282.761,350.16 293.28,349.693 294.361,353.993 295.544,358.277 296.851,362.536 299.642,364.812 302.603,366.98 305.733,369.018 307.127,368.811 308.523,368.577 309.92,368.318 320.166,366.413 330.488,363.082 340.729,358.151z</Path>
      <Path>M78.089,110.128C74.284,91.272 86.486,72.901 105.342,69.096 124.199,65.292 142.569,77.493 146.374,96.35 150.179,115.206 137.977,133.576 119.121,137.381 100.264,141.186 81.894,128.984 78.089,110.128z M154.299,197.748C155.425,197.205 156.551,196.639 157.675,196.048 159.078,193.076 160.345,190.073 161.475,187.055 160.65,183.885 159.745,180.752 158.773,177.652 167.594,172.132 175.265,165.124 181.529,157.051 184.647,158.404 187.796,159.711 191.007,160.917 194.165,160.14 197.322,159.227 200.464,158.177 201.182,157.137 201.876,156.093 202.546,155.045 207.457,147.363 211.08,139.474 213.539,131.519 213.874,130.434 214.188,129.348 214.48,128.261 213.107,125.596 211.614,123.054 210.018,120.637 206.39,119.096 202.718,117.695 199.026,116.36 200.207,108.551 200.318,100.475 199.286,92.316 202.897,91.1 206.492,89.823 210.05,88.421 211.673,86.112 213.208,83.695 214.644,81.175 214.382,80.137 214.103,79.104 213.808,78.074 211.644,70.528 208.601,63.23 204.805,56.318 204.288,55.376 203.756,54.441 203.211,53.513 200.365,52.599 197.527,51.824 194.708,51.183 191.559,52.296 188.458,53.5 185.38,54.744 180.785,47.819 175.258,41.645 169.013,36.35 170.555,33.527 172.061,30.679 173.485,27.776 173.147,24.934 172.675,22.059 172.065,19.162 171.192,18.525 170.31,17.901 169.419,17.29 162.884,12.809 155.879,9.026 148.528,6.081 147.526,5.679 146.517,5.293 145.502,4.923 142.814,6.063 140.218,7.311 137.722,8.657 136.075,11.728 134.533,14.843 133.039,17.976 125.059,16.023 116.725,15.161 108.237,15.558 107.356,12.093 106.393,8.641 105.33,5.209 103.073,3.379 100.678,1.637 98.147,0 97.022,0.17 95.896,0.362 94.768,0.575 86.501,2.136 78.174,4.849 69.912,8.855 68.786,9.401 67.66,9.972 66.536,10.567 65.138,13.543 63.877,16.55 62.753,19.574 63.585,22.739 64.499,25.868 65.478,28.963 56.823,34.414 49.28,41.296 43.097,49.216 39.989,47.857 36.85,46.545 33.648,45.334 30.486,46.104 27.325,47.011 24.179,48.056 23.457,49.095 22.76,50.138 22.086,51.185 17.147,58.863 13.498,66.748 11.015,74.703 10.676,75.788 10.359,76.874 10.063,77.961 11.428,80.629 12.913,83.176 14.502,85.598 18.122,87.146 21.785,88.555 25.468,89.898 24.266,97.709 24.138,105.789 25.151,113.954 21.538,115.161 17.942,116.429 14.382,117.822 12.753,120.127 11.212,122.54 9.769,125.057 10.029,126.096 10.305,127.13 10.598,128.16 12.743,135.712 15.769,143.017 19.548,149.936 20.064,150.88 20.593,151.816 21.136,152.745 23.98,153.666 26.817,154.448 29.634,155.094 32.786,153.989 35.889,152.793 38.969,151.557 43.548,158.495 49.059,164.684 55.293,169.994 53.746,172.81 52.235,175.651 50.805,178.548 51.137,181.39 51.602,184.266 52.205,187.164 53.077,187.803 53.958,188.429 54.847,189.042 61.372,193.538 68.369,197.337 75.712,200.3 76.713,200.704 77.721,201.093 78.735,201.465 81.426,200.332 84.024,199.091 86.524,197.751 88.176,194.688 89.723,191.581 91.223,188.455 99.198,190.427 107.53,191.301 116.017,190.924 116.889,194.393 117.844,197.849 118.898,201.285 121.15,203.122 123.539,204.871 126.064,206.515 127.189,206.348 128.315,206.16 129.442,205.95 137.708,204.414 146.036,201.726 154.299,197.748z</Path>
      <Path>M51.538,284.249C48.668,270.025 57.872,256.167 72.097,253.297 86.321,250.426 100.179,259.631 103.049,273.855 105.92,288.08 96.715,301.938 82.491,304.808 68.266,307.678 54.408,298.474 51.538,284.249z M109.027,350.346C109.878,349.937 110.727,349.51 111.575,349.064 112.633,346.822 113.589,344.557 114.441,342.28 113.819,339.889 113.136,337.525 112.403,335.187 119.057,331.023 124.844,325.737 129.569,319.646 131.921,320.667 134.297,321.653 136.719,322.562 139.101,321.977 141.483,321.288 143.853,320.495 144.395,319.711 144.918,318.924 145.423,318.133 149.129,312.338 151.861,306.387 153.716,300.386 153.969,299.567 154.206,298.748 154.426,297.928 153.391,295.918 152.264,294 151.06,292.177 148.323,291.015 145.553,289.957 142.768,288.951 143.659,283.06 143.743,276.967 142.964,270.813 145.688,269.895 148.4,268.932 151.084,267.875 152.309,266.133 153.466,264.309 154.55,262.408 154.352,261.625 154.142,260.846 153.919,260.069 152.287,254.377 149.991,248.871 147.128,243.657 146.737,242.946 146.336,242.241 145.925,241.541 143.778,240.852 141.637,240.267 139.511,239.784 137.135,240.623 134.796,241.531 132.474,242.47 129.008,237.246 124.839,232.588 120.127,228.594 121.291,226.465 122.427,224.316 123.501,222.126 123.246,219.982 122.89,217.814 122.43,215.628 121.771,215.148 121.106,214.677 120.433,214.216 115.504,210.835 110.22,207.982 104.675,205.76 103.919,205.457 103.158,205.166 102.392,204.887 100.364,205.747 98.406,206.688 96.522,207.704 95.28,210.02 94.117,212.37 92.99,214.734 86.97,213.26 80.684,212.61 74.28,212.909 73.616,210.295 72.889,207.691 72.087,205.102 70.385,203.722 68.578,202.408 66.669,201.173 65.82,201.301 64.971,201.446 64.12,201.606 57.884,202.784 51.602,204.831 45.37,207.853 44.52,208.265 43.671,208.695 42.823,209.144 41.769,211.39 40.817,213.658 39.969,215.938 40.597,218.326 41.286,220.686 42.025,223.022 35.496,227.133 29.806,232.325 25.142,238.299 22.796,237.275 20.429,236.285 18.013,235.371 15.628,235.952 13.243,236.636 10.87,237.424 10.326,238.208 9.8,238.995 9.291,239.785 5.565,245.577 2.813,251.525 0.94,257.526 0.684,258.344 0.445,259.163 0.222,259.983 1.251,261.997 2.372,263.918 3.57,265.745 6.301,266.913 9.065,267.976 11.843,268.988 10.936,274.881 10.84,280.976 11.604,287.135 8.878,288.046 6.165,289.003 3.48,290.053 2.251,291.792 1.089,293.613 0,295.511 0.196,296.295 0.404,297.075 0.625,297.852 2.243,303.549 4.526,309.059 7.377,314.279 7.766,314.991 8.165,315.697 8.575,316.398 10.72,317.092 12.86,317.682 14.985,318.17 17.363,317.337 19.704,316.434 22.027,315.501 25.482,320.735 29.639,325.404 34.342,329.41 33.174,331.534 32.034,333.678 30.956,335.863 31.206,338.007 31.557,340.176 32.012,342.362 32.67,342.844 33.334,343.317 34.005,343.779 38.927,347.171 44.205,350.037 49.744,352.272 50.5,352.577 51.26,352.87 52.025,353.151 54.055,352.296 56.015,351.36 57.901,350.349 59.147,348.038 60.314,345.694 61.446,343.336 67.462,344.824 73.747,345.483 80.149,345.199 80.807,347.816 81.527,350.423 82.323,353.015 84.021,354.4 85.824,355.72 87.729,356.96 88.577,356.834 89.427,356.692 90.277,356.534 96.513,355.375 102.794,353.347 109.027,350.346z</Path>
    </Icon>
    <Icon Id="18" Name="RockIcon" Scale="64" Background="#000000" Foreground="#FFFFFF">
      <Path>M55.5256,121.723C50.4949,116.58 45.314,112.15 39.8703,108.396 30.2218,96.7574 22.4505,88.1977 16.4812,82.6414 12.9147,79.3752 9.53584,77.9861 6.38225,78.4366 2.13993,79.0373 -0.375427,81.9656 0,86.2831 0.488055,91.6516 12.9898,108.283 17.1195,111.812 23.314,118.72 28.0819,124.426 31.4232,128.819 42.1604,140.007 50.7577,147.59 57.215,151.495 59.9556,154.761 62.5085,158.515 64.8737,162.757 67.4642,169.478 75.7986,178.112 80.1161,185.621 86.686,197.071 91.041,207.959 104.068,222.338 108.423,227.181 111.577,230.297 114.693,233.863 122.614,242.949 135.341,256.051 141.386,265.662 144.014,269.792 149.57,280.003 151.56,284.396 181.256,276.437 207.048,261.382 228.898,240.508 226.908,237.43 224.881,234.314 222.891,231.198 213.655,218.508 207.386,205.143 204.044,191.177 197.625,232.85 127.683,228.119 126.218,169.815 139.809,228.607 194.021,222.638 202.092,187.348 203.106,182.805 202.242,175.71 200.328,170.454 194.058,153.034 195.447,146.577 191.13,131.297 188.276,121.198 183.959,115.153 178.177,113.276 174.461,112.187 170.894,111.061 167.44,109.897 157.229,106.481 148.031,102.764 139.884,98.7472 132.788,94.6175 125.918,92.2148 119.311,91.5765 113.003,91.8393 107.034,92.44 101.44,93.3786 93.8942,94.6175 86.7986,94.242 81.0171,95.2557 76.3618,96.0816 73.3959,98.5595 72.157,102.727 71.0307,107.269 71.8567,110.986 74.7474,113.727 81.843,120.522 99.9386,125.928 112.741,127.355 118.86,128.068 122.915,127.73 129.222,129.42 138.683,131.972 146.266,136.665 151.935,143.46 153.925,146.839 153.85,148.867 151.635,149.505 147.092,150.819 146.679,148.228 144.389,145.375 141.311,141.471 138.495,138.843 134.253,136.665 141.048,146.464 124.867,161.669 109.925,151.307 104.631,147.365 99.0751,142.785 93.5939,138.242 86.0102,131.972 77.8635,124.276 70.3925,118.457 74.5973,121.723 78.5393,124.577 82.256,127.054 87.6997,130.658 91.9795,133.699 97.2355,137.641 100.765,140.344 104.932,143.423 109.737,146.877 115.744,151.269 121.751,151.307 127.72,146.952 131.549,143.385 132.038,139.181 129.184,134.413 128.246,134.075 127.307,133.775 126.331,133.512 115.106,130.508 105.945,131.86 92.7679,127.317 89.5017,126.191 86.3106,124.877 83.3072,123.3 77.6007,120.334 72.57,117.293 69.7167,112.338 67.1263,107.832 67.7645,101.713 72.3072,96.5697 73.9591,94.655 76.7372,93.266 80.4164,92.6277 86.9113,91.5014 92.8806,91.9519 100.952,90.4878 105.232,89.6994 109.7,89.1738 114.092,89.0237 112.027,83.9178 109.925,79.7881 107.672,76.9349 103.618,72.2045 98.1365,68.4878 91.7167,69.0134 87.4744,69.3513 83.9079,71.3786 80.9795,75.1328 77.3003,79.638 77,84.9315 80.1536,90.9759 73.8464,88.6107 69.0034,89.0237 65.587,92.2148 61.7201,95.2932 59.8806,99.5731 60.0307,105.092 60.6689,110.235 63.785,115.529 69.4915,120.935 72.57,123.826 74.2219,126.266 74.4471,128.331 74.2219,130.283 73.4335,131.334 72.1945,131.522 67.6519,130.809 62.0956,127.542 55.5256,121.723z M94.4573,57.1875C96.7474,60.7915 99.8635,63.6823 103.13,66.8359 110.863,74.2694 116.345,81.5526 118.635,88.9861 119.611,89.0237 120.587,89.0612 121.526,89.1363 125.543,89.4366 134.215,92.6277 144.877,97.9963 149.082,100.136 157.416,103.252 165.038,106.143 153.437,88.5356 139.471,75.3957 126.969,58.5765 121.901,49.8666 115.894,42.0578 108.949,35.225 104.068,31.1704 96.8976,23.9622 87.4369,13.5629 78.5017,2.71304 70.9181,-1.67944 64.6109,0.272766 60.744,1.47412 59.0171,3.76422 58.942,7.81885 58.7918,12.9247 62.3208,18.4434 69.4915,24.4503 73.2082,27.8291 77.2628,32.2967 81.7304,37.8155 87.8498,45.3991 89.7645,49.9041 94.4573,57.1875z</Path>
    </Icon>
    <Icon Id="19" Name="SettingIcon" Scale="64" Background="#000000" Foreground="#FFFFFF">
      <Path>M28.0875,37.8214C27.9361,36.9173 28.4282,34.7323 28.7688,33.8659 30.1316,30.3626 33.1977,28.4414 36.8695,27.9893 39.2922,27.6503 41.9041,28.9311 43.7211,30.4002 45.5759,31.9071 46.4465,34.3933 46.7494,36.6913 47.0522,39.1021 45.803,41.7014 44.2889,43.472 42.5854,45.4685 40.4656,46.1466 37.9673,46.5233 35.5447,46.8247 32.9327,45.5815 31.1536,44.0747 29.2988,42.4925 28.466,40.1946 28.0875,37.8214z M35.6204,-3.05176E-05L39.1029,-3.05176E-05C39.6707,0.0376587 40.1628,0.0753174 40.3521,0.150665 42.1691,0.791077 42.3962,1.84586 42.6612,3.54102 43.2668,7.30811 42.6233,9.41766 46.6736,11.0375 49.9291,12.3183 51.8975,14.0888 55.0393,11.7156 57.197,10.058 59.8846,7.11975 62.383,9.64368 64.3513,11.5649 67.5311,13.5991 65.487,16.5751 63.8971,18.8353 60.9445,21.1709 62.1558,24.1469 62.6858,25.5407 63.2914,26.8969 63.8592,28.253 64.4271,29.7598 64.9192,30.6639 66.509,31.3044 69.1588,32.3214 73.8905,31.0783 74.7611,34.5817 74.799,34.7701 74.8368,35.0337 74.8747,35.3351L74.8747,38.9892C74.8368,39.4789 74.7611,39.8932 74.6854,40.1193 74.1933,41.7391 72.9441,42.2289 71.3164,42.4549 66.509,43.1329 65.2977,42.6432 63.7835,46.448 62.1937,50.3657 60.7552,51.6842 63.1022,54.7732 64.6542,56.8451 67.6825,59.595 65.1841,62.0813 63.3671,63.8895 61.0581,67.3175 58.219,65.1703 57.1213,64.3415 55.9857,63.5128 54.8879,62.684 51.9732,60.4991 50.3833,61.9683 46.4465,63.5504 44.9324,64.1532 44.0617,64.6053 43.4182,66.1874 42.3205,68.8997 43.6454,73.3072 40.2385,74.3619 40.0871,74.4373 39.7464,74.4749 39.33,74.5126L35.5068,74.5126C35.0904,74.4749 34.7876,74.4373 34.6362,74.3619 31.1536,73.3072 32.5164,68.6737 31.3807,66.112 30.6994,64.4922 29.8666,64.1155 28.3146,63.5128 20.3275,60.3484 23.0529,61.0265 16.5421,65.208 15.4065,65.9614 13.211,65.5847 12.1889,64.7182 11.129,63.8518 10.1069,62.797 9.23631,61.7799 8.6685,61.1018 8.36567,60.6875 8.51709,59.708 9.04704,56.8074 14.3087,54.0197 12.681,50.2527 11.394,47.2767 10.7126,43.9994 8.21426,43.1706 5.48879,42.2665 0.870636,43.3966 0.0757075,39.7802 0.0378537,39.6672 0.0378537,39.4789 0,39.2528L0,35.2974C0.0378537,34.8454 0.113561,34.4687 0.189269,34.2426 0.90849,32.4721 1.89269,32.3214 3.67181,32.0201 7.64645,31.342 9.42558,32.1707 11.129,27.9516 12.4539,24.7496 14.1573,22.8284 11.7347,19.6264 10.0691,17.4415 7.15436,14.9176 9.76626,12.3183 11.5832,10.5101 13.7788,7.11975 16.7313,9.37997 18.9269,11.0752 21.3495,13.7121 24.34,12.582 25.7405,12.0923 27.1411,11.4519 28.5039,10.9245 34.674,8.51355 29.6395,1.54446 34.7119,0.113007 34.8633,0.0753174 35.204,0.0376587 35.6204,-3.05176E-05z</Path>
      <Path>M74.1933,74.2866C74.799,74.0229 76.4267,73.9475 77.1081,74.0229 79.8335,74.3242 81.7262,76.0948 82.7861,78.5811 83.4296,80.2009 83.0511,82.2728 82.3319,83.8173 81.6126,85.3994 80.0228,86.4543 78.4708,87.0946 76.8431,87.7727 74.7611,87.396 73.247,86.6426 71.5057,85.8515 70.6351,84.4953 69.9158,82.8002 69.2345,81.218 69.6509,79.1461 70.3701,77.6016 71.1272,76.0194 72.6035,75.0023 74.1933,74.2866z M102.205,72.4407L102.886,74.8893C102.962,75.3037 103,75.6427 103,75.7934 102.886,77.1496 102.167,77.5263 101.069,78.016 98.4954,79.1461 96.9056,79.1084 96.527,82.2351 96.2242,84.7591 95.3536,86.4543 97.6248,88.1871 99.1768,89.3925 101.751,90.711 100.464,92.9336 99.4796,94.6664 98.6468,97.2657 96.1863,96.3616 94.2936,95.7212 92.0981,94.0637 90.2054,95.4576 89.3348,96.1356 88.502,96.776 87.6314,97.4541 86.6851,98.1321 86.1551,98.6219 86.0037,99.865 85.7766,101.899 87.5557,104.951 85.2087,106.231 85.0952,106.307 84.9438,106.344 84.7167,106.457L82.1426,107.135C81.8019,107.173 81.4991,107.211 81.3098,107.211 80.0606,107.173 79.4928,106.382 79.0386,105.327 77.6759,102.088 77.7894,101.146 74.8368,100.807 71.7707,100.43 70.5594,99.6767 68.8181,101.899 67.6825,103.368 66.2819,106.005 64.0485,104.725 62.4587,103.783 59.6196,102.803 60.6038,100.43 60.9824,99.4883 61.3609,98.5842 61.7394,97.6424 62.7236,95.1938 61.3609,94.4027 59.5439,91.9165 58.8247,90.9747 58.3326,90.485 57.0834,90.3343 55.0015,90.0706 52.1246,91.8035 50.724,89.6186 50.6862,89.5432 50.5726,89.3172 50.4969,89.0535L49.7777,86.3789C49.702,86.0775 49.6641,85.8515 49.702,85.7385 49.8155,83.1015 53.2981,83.1769 54.8879,81.9337 55.91,81.105 56.0235,80.4646 56.1371,79.2591 56.8942,73.1188 56.932,75.153 52.7303,71.4236 52.011,70.7456 51.8596,69.1257 52.276,68.2593 52.6924,67.3929 53.2224,66.4887 53.7902,65.66 54.1687,65.1326 54.3958,64.8313 55.115,64.7936 57.2348,64.6053 60.2253,67.7319 62.5344,65.886 64.3892,64.4546 66.5847,63.3621 66.6983,61.4785 66.8497,59.4066 65.1463,56.3553 67.5311,55.1499 67.6446,55.1122 67.7582,55.0369 67.9096,54.9992L70.6729,54.2458C71.0136,54.2081 71.3164,54.1704 71.4678,54.2081 72.8306,54.3588 73.1713,54.9992 73.7012,56.167 74.9125,58.8416 74.6476,60.2354 77.9408,60.6498 80.477,60.9511 82.1426,61.7799 83.9217,59.482 85.1709,57.8998 86.3822,55.4136 88.6913,56.732 90.319,57.6738 93.1202,58.5779 92.0603,61.0642 91.3032,62.9101 89.9026,65.0949 91.2275,66.9785 91.871,67.8449 92.5524,68.6737 93.1959,69.5401 96.0349,73.3825 100.01,68.5606 101.978,71.838 102.054,71.951 102.129,72.177 102.205,72.4407z</Path>
    </Icon>
    <Icon Id="20" Name="ProgramIcon3" Scale="64" Background="#000000" Foreground="#FFFFFF">
      <Path>M258.961,245.217L213.908,245.217 177.94,245.217 173.398,267.341 263.684,267.341 258.961,245.217z</Path>
      <Path>M209.328,276.96L137.798,276.96 128.767,302.98 308.315,302.98 298.922,276.96 209.328,276.96z</Path>
      <Path>M25.009,70.632C18.369,70.632 12.986,65.249 12.986,58.609 12.986,51.968 18.369,46.585 25.009,46.585 31.65,46.585 37.033,51.968 37.033,58.609 37.033,65.249 31.65,70.632 25.009,70.632z M25.009,271.188C18.369,271.188 12.986,265.805 12.986,259.165 12.986,252.524 18.369,247.141 25.009,247.141 31.65,247.141 37.033,252.524 37.033,259.165 37.033,265.805 31.65,271.188 25.009,271.188z M76.37,222.064L76.37,35.59C76.37,34.845,76.413,34.109,76.483,33.381L11.543,33.381C5.194,33.381,0,38.575,0,44.924L0,271.664C0,278.012,5.194,283.207,11.543,283.207L103.885,283.207C110.234,283.207,115.428,278.012,115.428,271.664L115.428,245.15 99.456,245.15C86.759,245.15,76.37,234.761,76.37,222.064z</Path>
      <Path>M338.099,190.078C338.099,193.378,335.399,196.078,332.099,196.078L116.526,196.078C113.226,196.078,110.526,193.378,110.526,190.078L110.526,28.078C110.526,24.778,113.226,22.078,116.526,22.078L332.099,22.078C335.399,22.078,338.099,24.778,338.099,28.078L338.099,190.078z M336.664,0L111.961,0C99.263,0,88.875,10.389,88.875,23.086L88.875,209.56C88.875,222.257,99.263,232.645,111.961,232.645L336.664,232.645C349.361,232.645,359.75,222.257,359.75,209.56L359.75,23.086C359.75,10.389,349.361,0,336.664,0z</Path>
    </Icon>
    <Icon Id="21" Name="Photoshop" Scale="64" Background="#000000" Foreground="#FFFFFF">
      <Path>M60.864,51.855L60.864,125.684 85.034,125.684C95.434,125.684 104.333,121.948 111.731,114.478 119.126,107.007 122.827,98.146 122.827,87.891 122.827,76.173 118.652,67.092 110.303,60.645 101.953,54.2 90.088,50.977 74.707,50.977L60.864,51.855z M0,0L98.657,0C125.169,0 146.558,7.728 162.817,23.181 179.077,38.638 187.207,58.962 187.207,84.155 187.207,100.71 183.214,116.421 175.231,131.286 167.246,146.155 155.199,157.252 139.087,164.575 122.972,171.901 109.204,175.709 97.778,176.001L61.743,176.88 61.743,288.501 0,288.501 0,0z</Path>
      <Path>M340.225,126.123L301.992,149.414C290.954,138.283 280.654,132.715 271.09,132.715 266.379,132.715 262.335,134.033 258.95,136.663 255.564,139.293 253.872,142.51 253.872,146.311 253.872,152.452 255.825,156.912 259.739,159.689 263.653,162.467 274.053,166.759 290.94,172.564 307.829,178.373 321.143,185.816 330.887,194.897 340.626,203.981 345.498,216.578 345.498,232.69 345.498,248.95 338.172,262.902 323.525,274.548 308.876,286.193 291.298,292.017 270.791,292.017 256.873,292.017 242.996,288.137 229.152,280.371 215.311,272.608 203.555,260.743 193.887,244.775L239.37,224.121C249.622,241.847 260.244,250.708 271.23,250.708 276.209,250.708 280.679,249.104 284.634,245.891 288.589,242.678 290.566,239.028 290.566,234.936 290.566,229.68 288.294,225.693 283.755,222.978 279.213,220.262 275.845,218.902 273.647,218.902 272.769,217.876 267.495,215.819 257.827,212.736 220.034,200.404 201.138,180.396 201.138,152.71 201.138,136.011 207.911,122.354 221.463,111.73 235.01,101.111 252.698,95.801 274.526,95.801 298.696,95.801 320.594,105.908 340.225,126.123z</Path>
    </Icon>
    <Icon Id="22" Name="DriversIcon3" Scale="64" Background="#000000" Foreground="#FFFFFF">
      <Path>M239.486,196.522C207.284,194.641 182.703,167.012 184.584,134.81 186.464,102.608 214.094,78.027 246.296,79.908 278.498,81.789 303.078,109.418 301.197,141.62 299.317,173.822 271.687,198.402 239.486,196.522z M345.716,159.439C346.546,155.078 347.144,150.529 347.522,145.81 347.538,145.811 347.553,145.812 347.569,145.813 347.598,145.315 347.608,144.827 347.632,144.332 347.666,143.837 347.712,143.352 347.741,142.853 347.726,142.852 347.711,142.851 347.695,142.85 347.869,138.12 347.804,133.532 347.488,129.104 359.515,121.896 370.958,112.833 381.431,102.215 378.579,89.763 374.217,78.393 368.62,68.121 354.301,68.368 340.428,70.587 327.366,74.481 322.243,67.871 316.33,62.077 309.828,57.11 314.153,44.481 316.99,31.118 318.2,17.299 308.281,11.654 297.677,7.209 286.688,3.982 277.208,14.245 269.12,25.269 262.523,36.798 253.96,35.305 245.217,34.768 236.534,35.2 230.927,22.973 223.607,11.132 214.663,0 203.71,1.941 192.991,5.066 182.782,9.391 182.376,23.256 183.637,36.859 186.464,49.906 179.635,53.959 173.266,58.851 167.542,64.592 154.713,59.459 140.797,56.073 126.196,54.844 119.309,64.751 113.596,75.965 109.356,88.506 118.925,99.454 129.462,109.053 140.679,117.027 139.737,121.365 139.023,125.908 138.529,130.635 138.49,130.633 138.451,130.631 138.412,130.628 138.394,131.128 138.396,131.616 138.384,132.112 138.338,132.606 138.28,133.09 138.239,133.588 138.278,133.591 138.317,133.593 138.356,133.595 138.296,138.347 138.477,142.942 138.908,147.361 126.839,153.976 115.255,162.283 104.478,172.042 107.229,184.991 111.598,196.795 117.285,207.435 131.929,207.914 146.145,206.171 159.484,202.566 164.501,208.935 170.257,214.535 176.568,219.355 172.242,231.984 169.406,245.348 168.195,259.166 177.831,264.65 188.113,269.001 198.766,272.204 208.945,262.19 217.594,251.28 224.586,239.79 233.159,241.229 241.906,241.713 250.585,241.227 255.794,253.446 262.544,265.336 270.765,276.634 282.055,274.707 293.104,271.527 303.613,267.075 304.02,253.209 302.758,239.606 299.932,226.56 306.968,222.384 313.515,217.317 319.372,211.349 331.893,216.736 345.413,220.555 359.606,222.467 366.361,212.917 372.017,202.132 376.298,190.097 367.133,178.331 356.822,167.998 345.716,159.439z</Path>
      <Path>M231.608,344.291C245.862,329.247 269.613,328.607 284.657,342.861 299.701,357.115 300.341,380.866 286.087,395.91 271.833,410.954 248.083,411.594 233.038,397.34 217.994,383.086 217.354,359.336 231.608,344.291z M211.399,453.777C218.174,447.249 224.306,440.223 229.748,432.81 238.543,436.375 247.998,437.955 257.452,437.752 259.723,446.513 262.867,455.146 266.867,463.535 279.623,462.084 292.158,458.315 303.601,452.492 302.159,443.367 299.919,434.503 296.925,425.994 304.622,421.198 311.426,415.033 316.754,407.674 325.61,410.632 334.918,412.706 344.518,413.793 350.875,402.293 354.777,389.085 355.315,374.447 346.618,369.969 337.653,366.433 328.599,363.918 328.296,360.264 327.706,356.502 326.82,352.644 326.87,352.629 326.92,352.614 326.97,352.599 326.746,351.858 326.513,351.126 326.274,350.403 325.957,349.17 325.615,347.929 325.236,346.677 325.148,346.704 325.061,346.73 324.973,346.757 323.566,343.056 321.967,339.601 320.189,336.394 326.32,329.274 331.809,321.353 336.553,312.798 327.974,300.925 317.392,292.111 305.717,286.081 298.339,292.318 291.752,299.212 286.031,306.592 277.514,303.434 268.431,302.087 259.367,302.376 257.129,293.637 254.067,285.022 250.197,276.634 237.447,278.149 224.931,281.979 213.518,287.859 214.852,297.057 217.034,305.982 220.013,314.528 212.04,319.61 205.056,326.177 199.723,334.028 191.08,330.887 182.078,328.452 172.818,326.788 166.528,338.335 162.706,351.585 162.261,366.262 170.984,370.696 179.968,374.185 189.036,376.649 189.349,380.158 189.925,383.766 190.774,387.463 190.724,387.478 190.675,387.493 190.625,387.508 190.848,388.244 191.079,388.97 191.316,389.688 191.635,390.926 191.978,392.172 192.36,393.43 192.447,393.403 192.534,393.377 192.621,393.351 193.969,396.896 195.494,400.216 197.184,403.308 191.013,410.394 185.481,418.287 180.691,426.819 189.215,438.776 199.754,447.67 211.399,453.777z</Path>
      <Path>M48.719,290.628C45.942,272.715 58.211,255.943 76.123,253.166 94.036,250.388 110.808,262.657 113.586,280.57 116.363,298.482 104.094,315.255 86.181,318.032 68.269,320.809 51.497,308.54 48.719,290.628z M113.639,363.208C112.749,355.027 111.171,347.025 108.956,339.293 116.13,335.117 122.284,329.422 127.203,322.774 134.479,325.892 142.133,328.338 150.077,330.061 155.901,320.461 160.003,309.772 162.1,298.74 155.016,294.853 147.685,291.659 140.197,289.175 140.999,281.284 140.376,273.277 138.137,265.653 144.924,261.11 151.34,255.781 157.23,249.723 152.678,239.17 145.63,229.402 135.792,221.194 128.04,224.814 120.795,229.122 114.21,234.039 111.52,232.293 108.602,230.688 105.459,229.235 105.475,229.193 105.491,229.15 105.507,229.107 104.875,228.866 104.244,228.635 103.616,228.414 102.593,227.974 101.552,227.546 100.483,227.138 100.454,227.213 100.426,227.287 100.397,227.362 97.085,226.355 93.838,225.612 90.669,225.125 89.025,217.073 86.483,209.036 83.105,201.176 70.3,200.756 58.539,203.358 48.119,208.206 48.484,216.648 49.728,224.895 51.771,232.802 45.027,237.004 39.234,242.566 34.582,248.99 27.339,245.862 19.741,243.368 11.867,241.556 6.091,251.186 2.041,261.895 0,272.936 7.077,276.936 14.418,280.204 21.924,282.718 21.173,290.954 21.977,299.299 24.553,307.19 17.755,311.488 11.252,316.412 5.144,321.926 9.766,332.458 16.886,342.194 26.8,350.358 34.536,346.697 41.758,342.349 48.316,337.396 50.911,339.057 53.716,340.59 56.727,341.982 56.711,342.024 56.695,342.066 56.679,342.108 57.307,342.348 57.933,342.577 58.556,342.797 59.583,343.239 60.629,343.669 61.703,344.078 61.732,344.004 61.76,343.929 61.788,343.855 64.962,344.82 68.076,345.542 71.119,346.028 72.718,354.09 75.216,362.141 78.554,370.021 91.388,370.524 103.181,367.994 113.639,363.208z</Path>
    </Icon>
    <Icon Id="23" Name="Allustrator" Scale="64" Background="#000000" Foreground="#FFFFFF">
      <Path>M110.074,311.53L140.953,311.53 125.695,243.779 110.074,311.53z M95.18,376.558L84.463,423.784 0,423.784 67.389,146.601 186.363,146.601 250.3,423.784 166.746,423.784 155.847,376.558 95.18,376.558z</Path>
      <Path>M318.416,142.968C324.469,142.968 329.646,145.997 333.946,152.05 338.243,158.107 340.394,165.492 340.394,174.21 340.394,183.292 338.274,190.953 334.037,197.188 329.796,203.426 324.591,206.542 318.416,206.542 312.722,206.542 307.758,203.395 303.521,197.097 299.281,190.802 297.164,183.173 297.164,174.21 297.164,165.736 299.281,158.408 303.521,152.232 307.758,146.056 312.722,142.968 318.416,142.968z M264.105,423.784L264.105,205.453C274.64,213.567 287.292,217.623 302.068,217.623 317.808,217.623 330.705,213.567 340.757,205.453L340.757,423.784 264.105,423.784z</Path>
    </Icon>
    <Icon Id="24" Name="PluginsIcon2" Scale="64" Background="#000000" Foreground="#FFFFFF">
      <Path>M221.563,101.477C204.158,109.665 186.754,117.853 169.349,126.04 169.258,102.059 169.167,78.077 169.077,54.096 169.069,51.993 169.061,49.891 169.053,47.789 180.228,44.859 191.402,41.93 202.577,39 208.906,37.341 215.234,35.682 221.563,34.023 221.563,56.508 221.563,78.992 221.563,101.477z M82.359,183.157C82.343,181.041 82.327,178.925 82.311,176.809 84.614,175.893 86.9,174.915 89.185,174.028 101.379,169.295 113.574,164.563 125.769,159.83 134.084,156.603 142.399,153.376 150.715,150.149L151.981,216.336C137.208,223.662 122.434,230.988 107.66,238.314 99.396,242.412 91.131,246.51 82.866,250.609 82.697,228.125 82.528,205.641 82.359,183.157z M85.178,117.15C88.025,116.2 90.872,115.251 93.719,114.301 107.801,120.858 121.883,127.414 135.966,133.971 138.266,135.042 140.566,136.113 142.865,137.183 123.097,144.855 103.329,152.527 83.56,160.199 80.819,161.263 78.078,162.327 75.337,163.39 59.001,154.519 42.665,145.648 26.329,136.777 45.945,130.234 65.561,123.692 85.178,117.15z M161.464,15.063L201.554,23.759C188.228,27.253 174.902,30.746 161.576,34.239 149.089,30.814 136.601,27.388 124.114,23.963L161.464,15.063z M231.102,14.84C211.127,10.507 191.151,6.173 171.175,1.84 168.594,1.28 166.013,0.613 163.411,0.156 160.359,-0.381 157.525,0.587 154.579,1.289 143.052,4.036 131.526,6.782 120,9.529 110.732,11.737 101.465,13.946 92.198,16.154 90.664,16.52 89.335,17.468 88.365,18.708 87.316,19.886 86.646,21.486 86.646,23.521 86.646,49.263 86.646,75.004 86.646,100.746L16.601,124.107C12.947,125.326 9.293,126.545 5.639,127.763 3.917,128.338 2.453,129.432 1.461,130.853 1.33,131.041 1.194,131.224 1.081,131.423 1.05,131.478 1.022,131.536 0.992,131.593 0.824,131.906 0.671,132.229 0.55,132.567 0.55,132.568 0.549,132.57 0.549,132.571 0.261,133.356 0.087,134.208 0.087,135.131 0.087,159.691 0.087,184.251 0.087,208.812 0.087,212.57 -0.109,216.388 0.087,220.143 0.331,224.843 3.27,226.663 6.718,228.809 18.187,235.945 29.656,243.081 41.125,250.218 51.308,256.553 61.49,262.889 71.672,269.225 72.928,270.006 74.292,270.314 75.626,270.256 76.335,270.246 77.012,270.104 77.654,269.874 78.144,269.697 78.616,269.474 79.055,269.191 79.133,269.155 79.211,269.128 79.289,269.089 79.338,269.065 79.387,269.04 79.437,269.016 79.129,269.214 78.811,269.393 78.48,269.547 78.736,269.45 78.992,269.349 79.243,269.225 104.359,256.77 129.474,244.315 154.59,231.861 158.166,230.088 161.741,228.315 165.316,226.542 167.644,225.388 169.02,222.57 169.031,220.066 169.145,194.243 169.259,168.42 169.373,142.597 169.457,142.541 169.538,142.483 169.622,142.427 169.699,142.39 169.775,142.354 169.852,142.317 181.448,136.862 193.044,131.407 204.641,125.951 214.043,121.528 223.446,117.105 232.848,112.681 235.177,111.586 236.563,108.664 236.563,106.205 236.563,106.167 236.563,106.128 236.563,106.09 236.577,106.084 236.595,106.076 236.608,106.07 236.608,106.07 236.608,106.07 236.608,106.07L236.609,22.072C236.609,18.932,234.294,15.532,231.102,14.84z</Path>
      <Path>M305.615,225.948C301.139,225.044,296.777,223.683,292.601,221.887L288.196,219.992 284.838,223.413C282.536,225.759,279.901,227.819,277.008,229.537L272.672,232.111 273.74,237.039C274.655,241.264 275.187,245.613 275.329,250.018 273.535,250.625 271.702,251.154 269.838,251.603 267.372,247.798 265.259,243.841 263.533,239.792L261.606,235.275 256.703,235.549C253.087,235.752,249.446,235.55,245.88,234.95L241.204,234.164 238.74,238.215C236.388,242.079 233.612,245.774 230.459,249.238 228.731,248.596 227.042,247.883 225.397,247.102 226.051,242.744 227.086,238.487 228.487,234.397L230.122,229.626 226.114,226.565C223.52,224.583,221.205,222.309,219.232,219.805L216.371,216.173 211.907,217.379C207.386,218.601 202.732,219.296 198.023,219.455 196.984,217.095 196.101,214.638 195.379,212.1 199.19,208.972 203.188,206.255 207.304,204L211.355,201.78 210.907,197.182C210.729,195.357,210.652,193.41,210.677,191.396L210.722,190.628C210.932,188.625,211.235,186.7,211.624,184.908L212.603,180.394 208.839,177.718C205.013,174.997 201.358,171.835 197.937,168.285 198.95,165.848 200.113,163.511 201.421,161.287 206.078,161.993 210.619,163.225 214.968,164.966L219.261,166.683 222.525,163.409C224.776,161.151,227.341,159.161,230.147,157.496L234.484,154.923 233.416,149.994C232.5,145.767 231.968,141.418 231.826,137.014 233.551,136.431 235.312,135.92 237.103,135.482 239.83,139.29 242.157,143.283 244.044,147.395L246.02,151.704 250.754,151.468C254.371,151.288,258.01,151.513,261.574,152.134L266.413,152.977 268.853,148.714C271.038,144.894 273.598,141.209 276.489,137.717 278.288,138.38 280.048,139.119 281.759,139.93 281.105,144.287 280.07,148.544 278.669,152.637L277.035,157.407 281.041,160.468C283.715,162.51,286.092,164.864,288.106,167.461L291.044,171.25 295.638,169.881C299.996,168.582 304.486,167.739 309.037,167.363 310.016,169.558 310.857,171.838 311.561,174.189 307.791,177.658 303.787,180.668 299.617,183.168L295.928,185.379 296.233,189.67C296.364,191.503,296.394,193.45,296.319,195.456L296.255,196.565C296.095,198.567,295.839,200.497,295.496,202.303L294.693,206.529 298.101,209.154C301.95,212.121 305.576,215.578 308.917,219.462 307.945,221.714 306.843,223.881 305.615,225.948z M310.039,200.826L310.24,197.555C310.254,197.348,310.262,197.143,310.27,196.938L310.283,196.704C310.299,196.51,310.313,196.316,310.325,196.118L310.504,192.829C315.387,189.541,320.032,185.672,324.355,181.288L327.052,178.554 326.194,174.81C324.73,168.419,322.451,162.358,319.421,156.797L317.393,153.075 313.154,153.147C307.39,153.246 301.672,153.961 296.098,155.276 295.218,154.334 294.302,153.424 293.352,152.546 294.801,147.367 295.772,142.012 296.25,136.568L296.642,132.094 292.738,129.873C287.607,126.953,282.06,124.608,276.25,122.902L272.082,121.678 269.135,124.869C265.413,128.899 262.075,133.198 259.174,137.695 257.698,137.554 256.216,137.464 254.733,137.428 252.145,132.521 249.035,127.797 245.454,123.339L242.857,120.107 238.775,120.83C232.984,121.857,227.371,123.511,222.092,125.747L217.957,127.498 217.825,131.988C217.665,137.451 218.008,142.883 218.844,148.194 217.861,148.909 216.905,149.657 215.978,150.434 210.333,148.557 204.464,147.355 198.477,146.851L194.449,146.513 192.142,149.831C188.409,155.201,185.415,161.182,183.243,167.607L181.954,171.422 184.604,174.455C188.402,178.801,192.503,182.735,196.836,186.195L196.709,189.638C196.702,189.826 196.698,190.013 196.696,190.199 196.678,190.375 196.66,190.552 196.645,190.732L196.39,194.171C191.677,197.104,187.14,200.538,182.854,204.419L179.868,207.123 180.706,211.063C182.116,217.7,184.394,223.989,187.475,229.754L189.38,233.318 193.42,233.45C199.422,233.646 205.394,233.136 211.22,231.929 212.049,232.809 212.911,233.663 213.805,234.487 212.355,239.664 211.384,245.019 210.906,250.465L210.515,254.939 214.418,257.16C219.399,259.995,224.782,262.291,230.415,263.985L234.386,265.179 237.341,262.271C241.416,258.26 245.055,253.931 248.196,249.359 249.674,249.495 251.155,249.579 252.638,249.61 254.996,254.414 257.812,259.073 261.039,263.509L263.595,267.021 267.877,266.29C273.847,265.271,279.629,263.588,285.063,261.286L289.198,259.534 289.33,255.045C289.49,249.579 289.148,244.147 288.312,238.838 289.358,238.076 290.374,237.279 291.356,236.447 296.739,238.401 302.335,239.776 308.049,240.546L312.25,241.112 314.698,237.651C318.356,232.48,321.325,226.726,323.523,220.548L324.812,216.93 322.451,213.9C318.667,209.042,314.505,204.659,310.039,200.826z</Path>
      <Path>M253.46,202.263C248.663,202.263 244.761,198.361 244.761,193.564 244.761,188.767 248.663,184.865 253.46,184.865 258.257,184.865 262.159,188.767 262.159,193.564 262.159,198.361 258.257,202.263 253.46,202.263z M253.46,170.865C240.943,170.865 230.761,181.047 230.761,193.564 230.761,206.08 240.943,216.263 253.46,216.263 265.977,216.263 276.159,206.08 276.159,193.564 276.159,181.047 265.977,170.865 253.46,170.865z</Path>
    </Icon>
  </Collection>
</IconCollection>